SN 1989B    7.54 216.73 1.84 221.50 4.84  41.2  2.7   11.7 10.6 10.86 0.10 0.303 0.017 134.7 3.1
SN 1989M    2.49  29.47 0.10  25.77 0.14  15.1  1.2   -9.7 10.3 11.27 0.10 0.125 0.006 121.4 2.4
SN 1989M    3.48  32.32 0.12  28.34 0.14  17.5  1.4   -8.0 10.3 11.16 0.10 0.143 0.005 121.4 2.4
SN 1990N    7.11  34.83 0.19  33.95 0.37  16.9  1.0  -12.2 10.3 11.13 0.10 0.130 0.002 127.6 4.9
SN 1991T    6.80  20.72 0.12  20.03 0.38  16.4  0.9  -12.3 10.3 13.79 0.10 0.121 0.005 143.2 4.9
SN 1994D  -12.31  10.73 0.06   9.31 0.05  16.4  1.3   -8.5 10.3 11.96 0.10 0.136 0.006 111.8 2.4
SN 1994D   -9.32  23.26 0.08  21.14 0.07  11.6  1.1  -11.5 10.3 11.74 0.10 0.121 0.005 101.8 2.4
SN 1994D   -7.67  26.18 0.08  23.32 0.08  13.2  1.2   -9.4 10.3 11.33 0.10 0.128 0.005 105.8 2.4
SN 1994D   -5.32  37.84 0.22  33.24 0.27  13.6  1.2   -8.6 10.3 10.70 0.10 0.128 0.005 115.8 2.4
SN 1994D   -3.87  55.62 0.21  49.90 0.33  12.0  1.1  -10.2 10.3 10.39 0.10 0.114 0.004 119.8 2.4
SN 1994D   -3.33  53.70 0.19  47.60 0.21  12.5  1.1   -9.8 10.3 10.29 0.10 0.122 0.004 111.8 2.4
SN 1994S    1.11   9.99 0.10   8.57 0.09   9.6  0.8  -14.3 10.3                                 
SN 1995D    3.84  19.12 0.09  16.25 0.17  16.1  1.1   -9.7 10.3  9.64 0.10 0.106 0.008 137.1 2.4
SN 1995E   -2.46   1.63 0.01   1.71 0.01  17.2  1.3   -5.2 10.3 10.28 0.10 0.132 0.001 128.5 2.4
SN 1997Y    1.27   4.48 0.04   3.76 0.11  14.0  1.4  -10.0 10.3  9.43 0.10 0.156 0.018  90.6 2.4
SN 1997bp   5.49  10.15 0.07   9.81 0.15   9.5  0.8  -17.7 10.3 12.02 0.10 0.097 0.005  93.2 2.4
SN 1997do  -5.67   3.93 0.01   3.61 0.04   9.5  0.9  -12.7 10.3 12.95 0.10 0.106 0.008  85.1 2.4
SN 1998V    7.20   4.03 0.02   4.15 0.01  31.2  3.1    2.1 10.7 12.81 0.10 0.213 0.005 136.0 1.2
SN 1998dm -12.48   1.86 0.01   1.65 0.01   9.4  0.8  -15.6 10.3 11.91 0.10 0.097 0.006 101.3 2.4
SN 1998dm  -5.61   4.64 0.01   4.45 0.01   9.4  0.7  -12.8 10.3  9.82 0.31 0.072 0.005 145.1 2.4
SN 1998dx   5.13   0.46 0.01   0.42 0.00  30.7  2.3    3.7 10.5 11.49 0.10 0.224 0.008 108.1 2.3
SN 1998ef  -8.62   1.72 0.01   1.58 0.01  28.9  2.3    6.1 10.5 13.66 0.10 0.224 0.008 141.5 2.4
SN 1998es   0.28  11.44 0.05  10.43 0.04  11.1  0.8  -12.3 10.3                                 
SN 1999aa   0.24   1.55 0.01   1.34 0.01  14.5  1.0   -8.9 10.3  8.50 0.10 0.127 0.004  90.7 2.4
SN 1999ac  -3.70   5.91 0.03   5.30 0.02  12.1  0.8  -10.1 10.3                                 
SN 1999ac  -0.89   7.24 0.02   6.61 0.02  16.0  1.2   -6.9 10.3                                 
SN 1999cp   4.91   9.68 0.02   8.84 0.03  21.4  1.6   -5.3 10.4 10.91 0.10 0.163 0.005 124.8 2.4
SN 1999da  -2.12   1.40 0.01   1.33 0.01  53.5  3.9   31.0 11.0 10.83 0.10 0.403 0.007 118.5 2.4
SN 1999dk  -6.60   3.95 0.02   3.69 0.03  14.4  1.1   -7.9 10.3 13.25 0.10 0.121 0.008  98.5 2.4
SN 1999dq   2.97   5.59 0.02   5.03 0.03  19.4  1.3   -5.7 10.3                                 
SN 1999ek   5.66   1.19 0.03   1.19 0.05  26.9  2.3   -0.6 10.5                                 
SN 1999gd  -1.12   1.01 0.01   0.96 0.04  27.5  1.7    4.7 10.4                                 
SN 1999gh   4.12   6.65 0.03   5.95 0.04  41.9  2.0   15.9 10.4  9.63 0.10 0.305 0.005 138.9 6.1
SN 2000cu   9.64   1.07 0.03   1.10 0.01  51.8  3.6   19.5 10.9 10.44 0.10 0.372 0.014 137.3 2.4
SN 2000cw   4.81   0.65 0.01   0.60 0.01  25.6  2.2   -1.0 10.5 10.76 0.10 0.240 0.005 102.9 2.4
SN 2000dg  -5.09   0.44 0.01   0.40 0.01  24.3  1.7    2.1 10.4 11.95 0.10 0.173 0.004 132.9 2.4
SN 2000dg   4.66   0.61 0.01   0.55 0.01  15.9  1.4  -10.6 10.3 11.17 0.10 0.154 0.012 123.3 2.4
SN 2000dk   1.00   2.35 0.01   2.28 0.01  39.5  3.0   15.7 10.7  9.98 0.10 0.334 0.003 106.1 2.4
SN 2000dm  -1.63   1.93 0.01   1.89 0.01  27.1  2.2    4.5 10.5 10.79 0.10 0.223 0.003 106.4 2.4
SN 2000dm   8.18   1.64 0.02   1.73 0.02  43.4  3.1   13.1 10.7 10.61 0.10 0.313 0.004 137.9 2.4
SN 2000dn  -0.94   0.71 0.01   0.64 0.01  24.1  1.9    1.2 10.4 10.21 0.10 0.198 0.007  98.8 2.4
SN 2000dr   6.78   1.31 0.01   1.26 0.01  44.8  3.5   16.2 10.8  9.37 0.10 0.417 0.005  98.2 2.4
SN 2000ey   7.90   3.32 0.02   3.42 0.03  16.4  1.1  -13.5 10.3 13.21 0.10 0.113 0.001 166.6 2.4
SN 2000fa   6.86   1.32 0.01   1.38 0.01  25.9  1.9   -2.9 10.4 12.24 0.10 0.198 0.003 115.5 2.4
SN 2001ay   6.79   0.88 0.01   0.99 0.01  25.5  1.9   -3.2 10.4 12.71 0.10 0.194 0.006 122.3 2.4
SN 2001br   3.48   1.26 0.03   1.25 0.04  20.8  1.9   -4.7 10.4                                 
SN 2001da  -1.12   2.67 0.02   2.37 0.03  27.2  2.0    4.4 10.4  9.20 0.10 0.208 0.007 121.9 2.4
SN 2001eh   3.26   0.72 0.01   0.65 0.01  11.3  0.9  -14.0 10.3 10.16 0.10 0.081 0.003 136.9 2.4
SN 2001ep   2.83   4.15 0.02   3.71 0.02  34.5  2.4    9.5 10.5  9.90 0.10 0.249 0.005 116.5 2.4
SN 2001ep   4.99   4.03 0.07   3.33 0.15  27.0  3.2    0.2 10.7  9.53 0.10 0.234 0.016 109.0 1.2
SN 2001ep   5.97   3.92 0.04   3.36 0.15  28.5  3.4    0.7 10.8  9.79 0.10 0.257 0.015 108.0 1.2
SN 2001ep   7.85   3.97 0.03   3.63 0.05  38.5  3.0    8.6 10.7 10.01 0.10 0.314 0.008 114.5 2.4
SN 2001fe  -0.99   5.63 0.02   4.91 0.03  18.1  1.2   -4.8 10.3                                 
SN 2001fh   5.93   0.90 0.02   0.90 0.01  42.3  3.3   14.5 10.8  9.69 0.10 0.344 0.012 106.6 2.4
SN 2002bf   2.97   2.15 0.00   1.88 0.01   8.0  0.7  -17.1 10.3 11.37 0.10 0.067 0.007 119.1 2.4
SN 2002bo -11.94   2.24 0.03   2.19 0.04  29.3  2.2    4.7 10.5 15.91 0.11 0.216 0.012 135.4 2.4
SN 2002bz   4.92   0.38 0.01   0.33 0.01  32.2  2.5    5.4 10.6 11.58 0.10 0.279 0.016 104.1 2.4
SN 2002cf  -0.75   1.13 0.01   1.11 0.02  57.4  4.2   34.4 11.1 10.43 0.10 0.456 0.008 108.3 2.4
SN 2002ck   3.64   0.69 0.02   0.65 0.02  26.6  2.4    1.0 10.5                                 
SN 2002cr  -6.78   4.35 0.03   3.94 0.04  16.1  1.4   -6.2 10.3 10.59 0.10 0.163 0.006 112.9 2.4
SN 2002cu  -5.28   0.99 0.02   0.91 0.02  18.8  1.8   -3.4 10.4 11.20 0.15 0.194 0.008  89.9 2.1
SN 2002de  -0.32   1.10 0.06   0.95 0.06  31.5  2.6    8.4 10.6 10.98 0.22 0.201 0.031 130.3 2.4
SN 2002dj  -7.98   4.07 0.04   3.65 0.06  24.6  2.0    2.0 10.4 13.89 0.10 0.204 0.009 118.9 2.4
SN 2002dk  -1.23   0.32 0.01   0.29 0.01  45.3  3.4   22.5 10.8 10.92 0.10 0.359 0.010 113.9 2.4
SN 2002ef   4.70   1.03 0.03   1.03 0.03  14.1  1.4  -12.4 10.3                                 
SN 2002er   5.26   5.98 0.02   5.23 0.10  19.7  1.7   -7.4 10.4 11.87 0.10 0.205 0.017  95.2 2.4
SN 2002eu  -0.06   0.51 0.01   0.52 0.01  40.1  3.3   16.8 10.8 10.71 0.10 0.346 0.009  98.3 2.4
SN 2002fb   0.98   0.78 0.01   0.89 0.01  47.4  3.3   23.6 10.8 10.25 0.10 0.358 0.008  96.5 2.4
SN 2002fk   7.74  14.99 0.12  14.15 0.09  28.7  2.1   -1.1 10.5  9.60 0.10 0.171 0.004 172.3 2.4
SN 2002ha  -0.85   3.61 0.03   3.35 0.04  25.6  2.1    2.7 10.5 10.41 0.10 0.220 0.004 110.4 2.4
SN 2002ha   4.93   3.79 0.04   3.51 0.06  31.1  2.5    4.3 10.5 10.93 0.10 0.272 0.012 108.5 2.4
SN 2002ha   7.89   7.25 0.05   7.77 0.12  44.4  3.1   14.4 10.7 11.23 0.10 0.301 0.008 149.9 2.4
SN 2002hd   6.48   0.90 0.01   0.85 0.01  39.3  3.0   10.9 10.7 10.97 0.10 0.324 0.004 125.6 2.4
SN 2002he  -5.91   0.67 0.02   0.61 0.02  25.8  2.8    3.5 10.6 11.35 0.10 0.215 0.006 107.0 1.2
SN 2002he  -1.03   1.69 0.03   1.59 0.03  17.8  2.1   -5.1 10.5 11.40 0.10 0.171 0.006 102.0 1.2
SN 2002he   0.29   1.45 0.01   1.36 0.01  21.4  1.6   -2.0 10.4 11.56 0.10 0.184 0.002 109.3 2.4
SN 2002he   3.22   3.15 0.03   2.82 0.02  23.0  1.8   -2.3 10.4 11.26 0.10 0.195 0.003 115.2 2.4
SN 2002hw  -6.27   0.89 0.02   0.91 0.04  24.7  2.2    2.4 10.5 11.44 0.10 0.245 0.013 102.2 2.4
SN 2002kf   6.81   2.18 0.02   2.11 0.02  24.8  2.0   -3.8 10.4                                 
SN 2003U   -2.55   0.69 0.01   0.65 0.01  26.9  2.2    4.5 10.5                                 
SN 2003ai   7.25   0.71 0.02   0.73 0.01  32.4  2.4    3.2 10.5 12.07 0.10 0.225 0.007 135.3 2.4
SN 2003gt  -5.07   2.37 0.03   2.12 0.03  30.3  2.1    8.1 10.5 12.52 0.10 0.198 0.005 153.6 2.4
SN 2003he   2.71   1.38 0.02   1.30 0.02  21.1  1.7   -3.9 10.4 10.53 0.10 0.178 0.005 122.9 2.4
SN 2003iv   1.76   0.02 0.00   0.02 0.00  32.6  2.7    8.4 10.6 10.66 0.10 0.310 0.005 108.3 2.4
SN 2003iv   6.58   0.18 0.01   0.19 0.01  34.7  3.5    6.3 10.8 10.15 0.10 0.343 0.027 110.2 2.4
SN 2004E    5.26   1.44 0.01   1.33 0.01  28.2  2.1    1.1 10.5 13.10 0.10 0.200 0.003 139.8 2.4
SN 2004S    8.26   5.78 0.01   5.62 0.04  35.5  2.6    5.1 10.6  9.76 0.10 0.286 0.004 107.0 2.4
SN 2004as  -4.36   0.56 0.01   0.46 0.00  24.7  1.6    2.5 10.4 11.22 0.10 0.136 0.007 174.6 2.4
SN 2004bk   6.13   1.74 0.01   1.75 0.03  29.6  2.0    1.7 10.4 12.17 0.10 0.216 0.007 105.6 2.4
SN 2004bl   4.61   1.94 0.03   1.73 0.03  15.3  1.3  -11.1 10.3  9.86 0.10 0.123 0.010 135.7 2.4
SN 2004bv   9.77   8.00 0.03   7.90 0.09  33.6  2.2    1.2 10.5 12.79 0.10 0.207 0.011 158.3 2.4
SN 2004bw   6.59   1.15 0.02   1.18 0.01  32.0  2.4    3.6 10.5                                 
SN 2004dt  -6.46   1.91 0.02   1.69 0.03  30.6  2.0    8.3 10.5 14.04 0.16 0.180 0.008 213.8 2.4
SN 2004dt   1.38   2.82 0.02   2.59 0.02  16.6  0.8   -7.4 10.3  9.41 0.10 0.111 0.003 152.0 6.0
SN 2004ef  -5.52   0.43 0.00   0.39 0.01  20.5  1.8   -1.7 10.4 12.01 0.10 0.209 0.009  95.1 2.4
SN 2004eo  -5.57   1.12 0.01   1.05 0.01  36.0  2.6   13.8 10.6  9.07 0.14 0.250 0.009 135.9 2.4
SN 2004ey  -7.58   2.29 0.01   2.05 0.01  15.6  1.3   -7.0 10.3 11.84 0.10 0.151 0.002 108.3 2.4
SN 2004fu  -2.65   4.09 0.04   3.95 0.04  22.8  1.8    0.4 10.4 12.16 0.10 0.189 0.008 111.0 2.4
SN 2004fu   2.43   3.97 0.02   3.72 0.03  16.7  1.4   -8.0 10.3 12.06 0.10 0.146 0.005 146.6 2.4
SN 2004fz  -5.18   2.45 0.02   2.36 0.02  35.5  2.6   13.3 10.6  8.93 0.16 0.258 0.003 129.8 2.4
SN 2004gs   0.44   0.59 0.01   0.55 0.02  43.1  3.2   19.6 10.7 11.15 0.10 0.342 0.025 111.0 2.4
SN 2005M    8.23   0.38 0.01   0.35 0.00  17.7  1.9  -12.7 10.4                                 
SN 2005W    0.59   3.42 0.06   3.02 0.06  23.4  2.5   -0.2 10.5  9.84 0.10 0.185 0.006 106.0 1.2
SN 2005am   4.47  12.86 0.08  11.40 0.07  29.6  2.4    3.3 10.5 11.17 0.10 0.265 0.002 107.2 2.4
SN 2005am   6.37  11.26 0.04  10.86 0.03  29.3  1.5    1.1 10.4 11.76 0.10 0.261 0.004 104.2 6.1
SN 2005ao  -1.29   0.60 0.01   0.51 0.01  13.5  1.0   -9.3 10.3                                 
SN 2005ao   0.52   0.44 0.01   0.40 0.01  11.3  1.0  -12.3 10.3 11.45 0.10 0.092 0.006 125.2 2.4
SN 2005bc   1.55   1.84 0.01   1.91 0.01  40.0  2.9   15.9 10.6 10.60 0.10 0.305 0.003 116.6 2.4
SN 2005bc   7.37   1.58 0.01   1.69 0.02  38.7  3.0    9.3 10.7 10.10 0.10 0.327 0.012 106.7 2.4
SN 2005cf -10.94   3.29 0.02   2.86 0.03  11.9  1.0  -12.1 10.3 11.17 0.10 0.127 0.008  75.5 2.4
SN 2005cf  -2.11 101.04 0.45  88.16 0.46  16.2  1.3   -6.3 10.3  9.80 0.10 0.143 0.004 107.3 2.4
SN 2005cf  -1.19  20.49 0.11  18.71 0.12  16.3  1.3   -6.5 10.3 10.11 0.10 0.147 0.002 107.3 2.4
SN 2005de  -0.75   2.05 0.04   1.87 0.03  24.9  2.2    1.9 10.5                                 
SN 2005dv  -0.57   1.20 0.03   1.12 0.04  19.3  1.6   -3.7 10.4 10.48 0.10 0.176 0.007 114.8 2.4
SN 2005el  -6.70   1.80 0.02   1.60 0.01  16.9  1.3   -5.4 10.3                                 
SN 2005el   1.22   3.09 0.03   2.86 0.03  20.9  1.7   -3.0 10.4  8.33 0.10 0.173 0.002 104.4 2.4
SN 2005er  -0.26   0.00 0.00   0.00 0.00  36.8  3.8   13.6 10.9  8.04 0.10 0.295 0.007 119.0 1.2
SN 2005hj   7.51   0.45 0.01   0.46 0.01  20.1  2.1   -9.4 10.5 13.18 0.10 0.153 0.012 190.0 1.2
SN 2005iq  -5.86   7.14 0.06   6.54 0.10  19.7  2.3   -2.6 10.5 11.07 0.10 0.194 0.007 100.0 1.2
SN 2005kc  10.28   0.11 0.00   0.12 0.00  44.7  4.4   11.5 11.1 11.19 0.10 0.293 0.006 152.0 1.2
SN 2005ki   1.62   8.85 0.06   8.18 0.06  21.6  2.4   -2.6 10.5  9.77 0.10 0.207 0.003  96.0 1.2
SN 2005ki   8.35   1.69 0.04   1.79 0.04  46.0  3.3   15.4 10.8                                 
SN 2005mc   6.64   0.68 0.02   0.61 0.01  36.7  3.0    8.1 10.7  9.43 0.10 0.355 0.006  97.5 2.4
SN 2005lz   0.58   5.95 0.08   5.47 0.10  11.7  1.6  -11.8 10.4 10.27 0.10 0.141 0.008  82.0 1.2
SN 2006D    3.70  17.01 0.11  15.26 0.05  27.3  2.1    1.6 10.5 10.12 0.10 0.234 0.005  99.2 2.4
SN 2006N   -1.89   2.37 0.02   2.35 0.02  23.2  1.9    0.6 10.4 11.09 0.10 0.183 0.004 128.2 2.4
SN 2006N   -0.90   2.08 0.02   1.97 0.01  27.1  2.1    4.2 10.5 11.19 0.10 0.215 0.004 122.3 2.4
SN 2006X    3.15   9.89 0.04   9.64 0.04   9.7  0.8  -15.5 10.3 12.23 0.10 0.083 0.003 121.4 2.4
SN 2006ac   7.96   1.50 0.01   1.43 0.01  30.7  2.2    0.6 10.5 11.14 0.10 0.235 0.005 115.3 2.4
SN 2006ak   8.43   0.46 0.00   0.44 0.00  17.2  1.4  -13.4 10.4 12.25 0.10 0.161 0.003  98.3 2.4
SN 2006bq   6.97   4.72 0.04   4.38 0.03  19.1  1.4   -9.8 10.4 10.59 0.10 0.151 0.002 121.3 2.4
SN 2006bt  -5.30   0.41 0.01   0.37 0.00  33.0  2.3   10.8 10.5 11.05 0.10 0.250 0.008 100.8 2.4
SN 2006bt  -4.53   0.36 0.01   0.35 0.00  20.3  1.9   -1.9 10.4 10.83 0.10 0.234 0.008 100.8 2.4
SN 2006bt   2.27   0.37 0.01   0.36 0.00  36.9  2.8   12.3 10.6  9.83 0.10 0.327 0.011  91.1 2.4
SN 2006bu   4.22   0.12 0.00   0.11 0.00  19.2  1.6   -6.9 10.4 12.31 0.10 0.165 0.006 112.5 2.3
SN 2006bw   8.90   0.38 0.00   0.35 0.00  44.1  3.3   12.9 10.8  9.81 0.10 0.328 0.006 124.3 2.4
SN 2006bz  -2.44   0.29 0.01   0.28 0.01  52.7  3.9   30.2 11.0 10.41 0.10 0.400 0.009 118.7 2.4
SN 2006cj   3.43   0.18 0.01   0.15 0.00  15.5  1.3  -10.0 10.3                                 
SN 2006cp  -5.30   0.95 0.01   0.90 0.01   8.8  0.7  -13.4 10.3                                 
SN 2006cs   2.28   0.27 0.01   0.28 0.00  41.5  3.0   16.9 10.7  9.49 0.10 0.319 0.012 113.3 2.4
SN 2006dm  -7.90   0.30 0.01   0.29 0.02  41.3  3.3   18.7 10.8 11.22 0.10 0.342 0.012 115.5 2.4
SN 2006ef   3.20   2.28 0.01   1.95 0.01  23.4  1.8   -1.9 10.4  9.52 0.10 0.171 0.004 133.6 2.4
SN 2006ej  -3.70   1.43 0.01   1.36 0.01  28.4  2.3    6.1 10.5                                 
SN 2006ej   5.09   1.10 0.01   1.00 0.01  28.4  2.2    1.5 10.5 10.32 0.10 0.210 0.003 117.6 2.4
SN 2006en   8.55   0.48 0.02   0.52 0.01  37.0  3.0    6.3 10.7 13.30 0.10 0.325 0.012 129.9 2.4
SN 2006et   3.29   1.39 0.02   1.23 0.02  11.0  1.0  -14.3 10.3                                 
SN 2006ev  10.54   0.48 0.01   0.49 0.01  28.4  2.4   -5.2 10.5 10.85 0.10 0.262 0.008 103.0 2.4
SN 2006gj   4.70   0.23 0.01   0.24 0.01  44.6  3.9   18.1 11.0                                 
SN 2006kf  -8.96   0.26 0.01   0.26 0.00  36.1  2.9   13.2 10.6 10.62 0.10 0.331 0.009  99.9 2.4
SN 2006kf  -3.05   0.69 0.01   0.69 0.01  31.2  2.6    8.9 10.6 10.30 0.10 0.315 0.003  96.0 2.4
SN 2006lf  -6.30   0.41 0.00   0.43 0.00  28.2  2.2    5.9 10.5 11.38 0.10 0.217 0.008 136.2 2.4
SN 2006mp   5.66   1.08 0.01   1.01 0.01  14.3  1.1  -13.1 10.3                                 
SN 2006or  -2.79   0.81 0.01   0.78 0.02  16.3  1.4   -6.1 10.3                                 
SN 2006os   8.61   0.29 0.01   0.27 0.01  23.2  2.2   -7.6 10.5 11.63 0.10 0.270 0.011  91.0 2.4
SN 2006sr  -2.34   0.80 0.01   0.75 0.01  21.3  1.7   -1.2 10.4 10.93 0.10 0.179 0.004 119.1 2.4
SN 2006sr   2.69   1.29 0.01   1.15 0.01  18.1  1.5   -6.8 10.4 11.14 0.10 0.182 0.006  99.6 2.4
SN 2007A    2.37   2.12 0.01   2.00 0.02  12.5  1.1  -12.2 10.3  9.33 0.10 0.123 0.004  82.5 2.4
SN 2007F   -9.35   0.71 0.01   0.63 0.00   6.1  0.6  -17.1 10.3  9.98 0.10 0.053 0.007 105.5 2.4
SN 2007F    3.23   1.51 0.01   1.34 0.01   9.1  0.7  -16.2 10.3 10.18 0.10 0.077 0.003 129.0 2.4
SN 2007N    0.44   3.95 0.04   3.31 0.11  31.9  3.6    8.4 10.9 10.25 0.10 0.298 0.020  94.0 1.2
SN 2007O   -0.33  13.14 0.13  11.37 0.14  10.5  1.4  -12.7 10.3  9.56 0.10 0.122 0.010  91.0 1.2
SN 2007S    5.18   2.16 0.04   2.03 0.04  11.8  1.0  -15.2 10.3 10.17 0.10 0.104 0.007 128.2 2.4
SN 2007af   2.84  21.40 0.07  18.34 0.11  15.8  1.9   -9.2 10.4  9.57 0.10 0.152 0.006 101.0 1.2
SN 2007af   3.81  20.63 0.12  18.52 0.11  19.3  1.6   -6.5 10.4  9.73 0.10 0.168 0.006 109.4 2.4
SN 2007ap   9.37  25.42 0.22  26.18 0.21  47.0  4.6   15.1 11.2 10.89 0.10 0.320 0.004 152.0 1.2
SN 2007ba   2.14   0.47 0.02   0.43 0.01  50.1  3.8   25.6 10.9 10.07 0.10 0.365 0.014 171.4 2.4
SN 2007ba   5.18   3.86 0.08   3.60 0.06  54.9  5.5   27.9 11.6  9.51 0.10 0.419 0.005 102.0 1.2
SN 2007bc   0.61   1.56 0.01   1.48 0.01  30.2  2.3    6.6 10.5 10.14 0.10 0.269 0.002  92.1 2.4
SN 2007bm  -7.79   5.40 0.06   5.32 0.03  35.9  2.4   13.3 10.5 10.96 0.10 0.226 0.004 194.8 2.4
SN 2007ci  -6.57   0.97 0.03   0.92 0.02  51.1  3.7   28.8 10.9                                 
SN 2007ci  -1.71   1.34 0.01   1.31 0.01  41.3  2.9   18.7 10.7 10.08 0.10 0.267 0.005 151.3 2.4
SN 2007co  -4.09   0.67 0.01   0.63 0.01  18.3  1.5   -3.9 10.4                                 
SN 2007co   0.85   0.84 0.01   0.74 0.01  16.2  1.4   -7.5 10.3                                 
SN 2007cq   7.84   1.55 0.02   1.48 0.02  27.2  2.0   -2.7 10.4 11.45 0.10 0.192 0.005 140.4 2.4
SN 2007fr  -5.83   0.12 0.01   0.12 0.00  24.1  2.7    1.9 10.6 11.06 0.10 0.299 0.021  89.4 2.3
SN 2007fr  -1.25   0.15 0.01   0.15 0.00  34.7  3.1   12.0 10.7 10.56 0.10 0.355 0.015  99.0 2.3
SN 2007fs   5.03   3.23 0.03   3.04 0.03  18.7  1.4   -8.1 10.3                                 
SN 2007gi   6.61  15.35 0.03  14.84 0.07  12.2  0.9  -16.2 10.3 11.91 0.10 0.102 0.004 117.4 2.4
SN 2007gk  -1.72   0.77 0.01   0.73 0.00  26.1  2.1    3.5 10.5 11.87 0.10 0.232 0.005 116.9 2.4
SN 2007hj  -1.23   1.77 0.01   1.80 0.01  51.1  3.8   28.3 10.9 11.04 0.10 0.387 0.011 124.2 2.4
SN 2007kk   7.15   1.93 0.02   1.94 0.03  20.3  1.5   -8.7 10.4 12.61 0.10 0.150 0.005 103.7 2.4
SN 2007le   7.43  12.10 0.04  11.80 0.09  14.2  1.2  -15.2 10.3 12.16 0.10 0.136 0.006  97.3 2.4
SN 2007s1  -1.23   0.89 0.01   0.80 0.01  23.9  1.8    1.1 10.4 10.77 0.10 0.190 0.004 105.1 2.4
SN 2007on  -3.01  18.69 0.10  17.12 0.05  46.4  3.4   24.1 10.8 10.95 0.10 0.362 0.003 117.2 2.4
SN 2007on  -3.00  15.36 0.07  14.54 0.06  43.3  4.6   20.9 11.2 10.75 0.10 0.353 0.003 116.0 1.2
SN 2007qe   6.23   1.70 0.01   1.71 0.02  10.4  0.9  -17.7 10.3 11.50 0.10 0.112 0.007  84.0 2.4
SN 2007ux   5.59   0.82 0.03   0.85 0.03  36.7  2.9    9.3 10.6                                 
SN 2008Q    6.46  14.96 0.09  14.98 0.09  25.4  1.9   -2.9 10.4 12.00 0.10 0.211 0.002 107.1 2.4
SN 2008ar  -8.87   0.42 0.01   0.36 0.00  12.4  1.0  -10.5 10.3 11.48 0.10 0.137 0.007  97.5 4.8
SN 2008ar   2.83   0.73 0.02   0.62 0.02  17.0  1.7   -8.0 10.4                                 
SN 2008bt  -1.08   1.20 0.10   1.16 0.05  62.4  4.3   39.5 11.1                                 
SN 2008s1  -6.36   0.86 0.01   0.78 0.01  20.9  1.8   -1.4 10.4 10.84 0.10 0.201 0.004 105.7 2.4
SN 2008s1  -4.40   1.16 0.04   1.04 0.04  28.5  2.4    6.3 10.5                                 
SN 2008s1  -3.42   1.08 0.01   1.00 0.01  16.1  1.7   -6.1 10.4 10.13 0.10 0.204 0.006  93.9 2.4
SN 2008s1   0.49   1.37 0.02   1.31 0.02  24.2  2.2    0.6 10.5                                 
SN 2008s1   4.40   1.36 0.01   1.17 0.01  29.1  2.3    2.9 10.5                                 
SN 2008s1   5.38   1.35 0.01   1.16 0.00  32.0  2.5    4.8 10.5 10.54 0.10 0.287 0.004  90.0 2.4
SN 2008cl   4.24   0.09 0.00   0.09 0.00  30.1  2.6    4.0 10.6 10.06 0.10 0.263 0.018 148.6 2.3
SN 2008dx   2.46   0.33 0.01   0.32 0.00  46.7  3.4   21.9 10.8  8.89 0.10 0.353 0.008 101.7 2.4
SN 2008ec  -0.24   2.25 0.01   2.11 0.01  34.4  2.5   11.2 10.6  8.94 0.10 0.268 0.006 116.1 2.4
SN 2008ec   5.70   2.43 0.01   2.20 0.02  37.7  3.0   10.2 10.7  9.36 0.10 0.338 0.006 102.3 2.4
SN 2008ei   3.29   0.33 0.01   0.30 0.01   9.4  0.9  -15.9 10.3                                 
SN 2008s5   8.96   0.90 0.01   0.92 0.01  21.8  1.7   -9.5 10.4                                 
SN 2008hs  -7.94   0.56 0.01   0.56 0.01  39.3  3.1   16.7 10.7 11.48 0.10 0.326 0.004 110.1 2.4