SN 1989B    7.54 208.47 4.96 152.53 0.64 127.6  6.9   13.1 33.2  9.90 0.10 0.668 0.008 169.6 3.1
SN 1989M    2.49  24.67 0.22  23.25 0.16 122.9  8.2   16.2 33.5 12.46 0.10 0.700 0.001 175.1 2.4
SN 1989M    3.48  27.34 0.25  25.26 0.11 122.7  8.2   14.9 33.5 12.17 0.10 0.708 0.002 169.1 2.4
SN 1990O   12.54   1.00 0.02   0.57 0.01 107.6  5.0  -20.4 32.9 11.21 0.10 0.648 0.010 147.5 4.8
SN 1990N    7.11  34.03 0.37  23.46 0.17  88.7  4.6  -25.0 32.8 10.68 0.10 0.661 0.005 119.6 4.9
SN 1991M   18.06   6.35 0.08   5.22 0.06 165.8  6.3   16.4 33.1 10.83 0.10 0.664 0.003 238.3 4.9
SN 1991T    6.80  18.57 0.39  14.37 0.07  45.9  2.6  -67.1 32.6  9.75 0.10 0.407 0.005 107.4 4.9
SN 1991bg   0.14  10.08 0.16   9.71 0.05  91.5  3.8  -13.5 32.7 10.66 0.10 0.579 0.007 150.0 6.1
SN 1991bg   1.14  13.59 0.26  13.60 0.16  92.4  3.9  -13.2 32.7 10.17 0.10 0.582 0.006 150.0 6.1
SN 1991bg  19.07   3.26 0.06   4.14 0.03 176.4  5.4   22.3 32.9  8.01 0.10 0.600 0.004 290.0 6.1
SN 1993ac  12.68   0.13 0.00   0.10 0.00 140.0  9.0   11.6 33.7 11.16 0.10 0.726 0.006 184.9 2.3
SN 1994D  -12.31   9.33 0.06   8.95 0.04 144.7  8.1   27.7 33.5 15.13 0.10 0.600 0.001 237.6 2.4
SN 1994D  -11.31   9.06 0.11   8.15 0.10 129.1  7.6   14.3 33.4 13.86 0.10 0.561 0.005 235.6 2.4
SN 1994D   -9.32  21.15 0.07  18.64 0.08  85.8  5.1  -25.2 32.9 12.29 0.10 0.432 0.002 195.7 2.4
SN 1994D   -7.67  23.32 0.08  20.21 0.08  83.5  5.3  -24.9 32.9 11.71 0.10 0.474 0.002 165.8 2.4
SN 1994D   -5.32  33.58 0.27  29.69 0.22  85.0  5.7  -21.0 33.0 10.92 0.10 0.527 0.003 153.8 2.4
SN 1994D   -3.87  50.63 0.31  43.18 0.21  84.8  5.7  -20.2 33.0 10.72 0.10 0.520 0.002 153.8 2.4
SN 1994D   -3.33  48.12 0.19  41.16 0.14  89.6  6.0  -15.2 33.0 10.72 0.10 0.547 0.002 153.8 2.4
SN 1994D   14.04  32.85 0.14  26.07 0.11 138.9  7.1    5.7 33.3 10.13 0.10 0.554 0.002 229.7 2.4
SN 1994Q    9.68   1.08 0.02   0.98 0.02  50.9  4.1  -68.7 32.7 10.15 0.10 0.471 0.005 103.0 2.4
SN 1994S    1.11   8.58 0.10   6.92 0.09  83.0  6.2  -22.6 33.1 10.53 0.10 0.607 0.003 132.0 2.4
SN 1995D    3.84  16.29 0.16  13.15 0.09  82.0  6.0  -26.2 33.0 10.01 0.10 0.600 0.003 133.1 2.4
SN 1995E   -2.46   1.71 0.01   1.79 0.01 100.0  6.8   -4.6 33.2 10.81 0.10 0.625 0.002 156.2 2.4
SN 1997Y    1.27   3.97 0.04   3.48 0.04 109.4  7.6    3.7 33.4 10.73 0.10 0.690 0.001 155.5 2.4
SN 1997bp   5.49   9.78 0.15   7.99 0.07 159.2  9.7   48.5 33.9 14.22 0.10 0.780 0.004 196.4 2.4
SN 1997br  -4.84   9.77 0.07   8.09 0.07  18.6  1.4  -87.0 32.5 11.09 0.10 0.144 0.005 135.1 2.4
SN 1997do  -5.67   3.66 0.04   3.36 0.01 110.0  6.6    3.8 33.2 13.97 0.10 0.544 0.002 190.1 2.4
SN 1998V    7.20   4.16 0.01   2.90 0.01  93.7  9.3  -20.1 33.8 10.67 0.10 0.660 0.004 127.0 1.2
SN 1998dh  18.77   6.88 0.03   4.97 0.03 206.2 10.0   53.5 34.0 10.42 0.10 0.673 0.004 339.0 2.4
SN 1998dk  -7.24   2.20 0.05   1.75 0.01 113.2  6.7    5.3 33.2 14.01 0.10 0.558 0.005 185.5 2.4
SN 1998dk  -0.54   5.07 0.03   4.53 0.01 103.1  7.0   -1.7 33.2 12.84 0.10 0.631 0.001 157.9 2.4
SN 1998dm -12.48   1.71 0.01   1.51 0.01  71.1  4.6  -46.3 32.8 11.75 0.10 0.442 0.005 143.1 2.4
SN 1998dm  -5.61   4.45 0.01   4.08 0.03  71.3  5.1  -34.9 32.9 11.15 0.10 0.516 0.004 129.2 2.4
SN 1998dm  14.22   2.74 0.01   2.85 0.01  71.8  5.4  -61.9 32.9 10.07 0.10 0.543 0.004 123.2 2.4
SN 1998dx   5.13   0.42 0.00   0.33 0.00 103.4  7.2   -6.7 33.3 11.62 0.10 0.650 0.003 151.8 2.3
SN 1998ec  11.86   1.22 0.01   0.82 0.01 126.2  7.9    0.4 33.4 10.87 0.10 0.643 0.005 188.3 2.4
SN 1998ef  -8.62   1.59 0.01   1.44 0.01 145.7  8.9   35.9 33.7 13.88 0.10 0.717 0.004 194.5 2.4
SN 1998es   0.28  10.42 0.04   8.08 0.02  61.2  4.3  -43.9 32.8 10.42 0.10 0.439 0.005 132.6 2.4
SN 1999aa   0.24   1.34 0.01   1.04 0.01  56.0  4.1  -49.0 32.8 10.50 0.10 0.438 0.005 122.2 2.4
SN 1999aa  17.04   1.84 0.02   1.71 0.01  42.0  3.4 -102.9 32.7 10.48 0.10 0.425 0.009  78.9 2.4
SN 1999ac  -3.70   5.30 0.02   4.99 0.01  76.9  5.0  -28.1 32.9 11.55 0.10 0.438 0.001 168.4 2.4
SN 1999ac  -0.89   6.64 0.02   5.82 0.02  86.3  5.5  -18.4 33.0 10.29 0.10 0.473 0.002 176.3 2.4
SN 1999cl   7.90  12.61 0.49  12.48 0.27 155.5  9.0   40.2 33.7 10.11 0.10 0.695 0.007 200.5 2.4
SN 1999cp   4.91   8.86 0.03   7.21 0.03 105.7  7.5   -4.0 33.3 10.49 0.10 0.711 0.002 142.6 2.4
SN 1999cp  13.85   6.83 0.04   4.01 0.02 130.1  7.8   -2.4 33.4 10.20 0.10 0.692 0.006 144.6 2.4
SN 1999cw  14.79   3.73 0.03   3.42 0.01  37.8  2.8  -98.1 32.6 10.74 0.10 0.314 0.008 134.3 2.4
SN 1999da  -2.12   1.33 0.01   1.31 0.01 121.1  7.7   16.5 33.4 11.32 0.10 0.643 0.001 193.5 2.4
SN 1999da   6.76   0.99 0.01   1.24 0.00 128.3  7.6   15.4 33.4 10.16 0.10 0.598 0.004 227.1 2.4
SN 1999dg  15.08   0.80 0.01   0.66 0.01 160.1  8.8   23.2 33.7 10.25 0.10 0.700 0.004 191.8 2.4
SN 1999dk  -6.60   3.72 0.03   3.49 0.02 130.2  7.8   23.0 33.4 15.00 0.10 0.623 0.001 206.9 2.4
SN 1999dk  17.06   5.15 0.01   3.63 0.01 146.0  8.5    1.0 33.6 11.33 0.10 0.684 0.003 195.1 2.4
SN 1999dq  -3.93   4.08 0.04   3.18 0.03  45.5  3.2  -59.6 32.6 11.24 0.10 0.328 0.004 132.1 2.4
SN 1999dq   2.97   5.04 0.04   3.92 0.01  62.9  4.9  -44.2 32.9 10.67 0.10 0.527 0.004 116.3 2.4
SN 1999ek   5.66   1.20 0.04   1.20 0.03 112.1  7.8    1.2 33.4 10.16 0.10 0.699 0.006 157.2 2.4
SN 1999gd  -1.12   0.97 0.04   0.96 0.00 112.9  4.9    8.2 32.9 10.37 0.10 0.683 0.005 162.0 6.0
SN 1999gh   4.12   5.95 0.04   5.79 0.02 161.6  6.0   53.0 33.0 11.02 0.10 0.711 0.001 233.2 6.1
SN 1999gh  15.89   2.78 0.04   3.55 0.02 209.2 10.3   69.1 34.1 10.52 0.10 0.701 0.004 309.6 2.4
SN 1999gh  15.97   2.74 0.04   3.47 0.02 211.1 10.4   70.6 34.1 10.42 0.10 0.697 0.006 319.5 2.4
SN 2000bk  14.84   0.31 0.01   0.32 0.00 172.9  9.4   36.9 33.8 11.32 0.10 0.705 0.008 237.9 2.4
SN 2000cn  14.25   0.43 0.01   0.50 0.01 188.3  9.5   54.5 33.9 10.85 0.10 0.692 0.003 265.8 2.4
SN 2000cp   2.92   0.31 0.01   0.30 0.00 158.0 10.5   50.9 34.2 11.50 0.10 0.903 0.004 177.9 2.4
SN 2000cu   9.64   1.10 0.01   0.88 0.01 150.4  8.8   30.9 33.7 11.08 0.10 0.711 0.002 192.2 2.4
SN 2000cw   4.81   0.60 0.01   0.55 0.00 119.9  8.0   10.3 33.5 10.52 0.10 0.711 0.003 157.3 2.4
SN 2000dg  -5.09   0.40 0.01   0.37 0.00  78.3  5.5  -27.5 32.9 11.14 0.10 0.518 0.004 140.6 2.4
SN 2000dg   4.66   0.50 0.01   0.50 0.01  69.9  5.3  -39.5 32.9 10.84 0.10 0.502 0.004 136.7 2.4
SN 2000dk   1.00   2.28 0.01   2.08 0.01 124.4  8.2   18.9 33.5 11.19 0.10 0.717 0.001 174.9 2.4
SN 2000dk  10.84   1.26 0.01   1.45 0.01 117.0  7.2   -5.7 33.3 10.12 0.10 0.629 0.003 174.9 2.4
SN 2000dm  -1.63   1.89 0.01   1.66 0.01 106.4  7.3    1.8 33.3 11.44 0.10 0.675 0.002 149.7 2.4
SN 2000dm   8.18   1.73 0.02   1.39 0.01 114.9  7.3   -1.1 33.3 10.49 0.10 0.671 0.002 151.7 2.4
SN 2000dn  -0.94   0.64 0.01   0.56 0.01 120.4  8.3   15.7 33.5 10.23 0.10 0.762 0.005 147.3 2.4
SN 2000dn  16.38   0.38 0.00   0.27 0.00 154.6  8.1   12.4 33.5  9.38 0.10 0.642 0.005 242.2 2.4
SN 2000dr   6.78   1.26 0.01   1.14 0.01 131.2  7.8   18.2 33.4 10.25 0.10 0.636 0.001 186.5 2.4
SN 2000ey   7.90   3.29 0.07   3.09 0.06  83.0  5.4  -32.3 32.9 11.68 0.10 0.502 0.012 143.1 2.4
SN 2000fa  -8.25   0.69 0.01   0.67 0.01  95.0  5.5  -14.3 32.9 13.38 0.10 0.451 0.007 197.8 2.4
SN 2000fa   6.86   1.31 0.02   0.99 0.01  89.0  6.7  -24.1 33.2 11.37 0.10 0.659 0.006 129.3 2.4
SN 2001E   15.01   0.81 0.02   0.59 0.02 105.0  7.3  -31.7 33.3 14.23 0.10 0.650 0.024 164.8 2.4
SN 2001G   11.57   2.72 0.02   1.68 0.01  95.9  6.7  -29.0 33.2 10.82 0.10 0.662 0.006 120.0 2.4
SN 2001N   13.05   0.27 0.01   0.22 0.00  95.9  5.7  -33.8 33.0                                 
SN 2001V   15.86   3.04 0.04   3.12 0.02  58.1  4.5  -81.9 32.8                                 
SN 2001ay   6.79   0.99 0.01   0.75 0.01 156.0  9.4   43.0 33.8 13.30 0.10 0.712 0.005 211.6 2.4
SN 2001az  -3.24   0.38 0.01   0.30 0.01  79.4  5.5  -25.4 32.9 11.58 0.10 0.526 0.002 134.5 2.4
SN 2001bf   1.22   3.68 0.02   3.26 0.02 131.6  7.9   26.0 33.4 10.34 0.10 0.619 0.002 212.7 2.4
SN 2001bg  13.70   6.72 0.09   4.78 0.02 147.6  8.4   15.7 33.6 11.43 0.10 0.683 0.009 192.6 2.4
SN 2001bg  18.91   5.82 0.21   5.03 0.09 210.3 14.3   57.0 35.5 10.23 0.10 0.702 0.006 295.0 1.2
SN 2001br   3.47   1.20 0.06   1.04 0.04 155.0 10.1   47.3 34.0 12.41 0.10 0.811 0.010 194.0 2.4
SN 2001br   3.48   1.18 0.04   1.05 0.02 152.6  9.8   44.9 33.9 12.13 0.10 0.784 0.005 196.0 2.4
SN 2001cp   1.39   0.69 0.01   0.58 0.01  79.7  6.0  -26.0 33.0 10.83 0.10 0.602 0.006 129.1 2.4
SN 2001da  -1.12   2.35 0.02   2.13 0.02 121.1  7.8   16.5 33.4 11.60 0.10 0.682 0.003 169.1 2.4
SN 2001da   9.72   1.89 0.02   1.54 0.01 124.0  7.7    4.3 33.4 10.64 0.10 0.634 0.003 171.1 2.4
SN 2001dl  13.84   0.41 0.01   0.40 0.01  73.1  5.4  -59.3 32.9  9.16 0.10 0.559 0.010 117.6 2.4
SN 2001dt  13.60   0.16 0.00   0.16 0.00 185.1  9.5   53.6 33.9 10.52 0.10 0.672 0.005 269.9 2.4
SN 2001eh   3.26   0.63 0.01   0.49 0.00  61.2  4.8  -46.4 32.8 10.64 0.10 0.549 0.007 104.1 2.4
SN 2001en  10.09   2.49 0.03   1.89 0.01 143.9  9.1   23.3 33.7 12.27 0.10 0.741 0.009 181.1 2.4
SN 2001en  14.72   2.18 0.03   1.64 0.01 163.3  9.3   27.7 33.8 11.79 0.10 0.737 0.007 198.8 2.4
SN 2001ep   2.83   3.71 0.02   3.58 0.02 118.2  8.0   11.2 33.5 10.27 0.10 0.707 0.002 159.9 2.4
SN 2001ep   4.99   3.19 0.06   3.41 0.05 113.4 11.2    3.6 34.4  9.83 0.10 0.710 0.003 160.0 1.2
SN 2001ep   5.97   3.09 0.03   3.35 0.05 115.7 11.5    4.2 34.5  9.83 0.10 0.732 0.001 158.0 1.2
SN 2001ep   7.85   2.97 0.02   3.23 0.02 104.8  7.4  -10.4 33.3  9.78 0.10 0.666 0.001 157.9 2.4
SN 2001ex  -1.82   0.40 0.01   0.39 0.01 124.2  8.6   19.6 33.6  9.70 0.10 0.813 0.008 144.2 2.4
SN 2001fe  -0.99   4.92 0.03   3.77 0.01  68.9  5.2  -35.8 32.9 11.10 0.10 0.536 0.004 124.3 2.4
SN 2001fh   5.93   0.90 0.01   0.87 0.01 121.6  8.1   10.2 33.5 10.17 0.10 0.717 0.005 167.8 2.4
SN 2002aw   2.10   1.23 0.03   1.08 0.02  96.2  7.1  -10.1 33.3 10.40 0.12 0.655 0.007 148.1 2.4
SN 2002bf   2.97   1.88 0.01   1.64 0.00 170.9 10.2   63.7 34.1 15.19 0.10 0.774 0.002 216.8 2.4
SN 2002bo -11.94   2.23 0.07   2.39 0.02 139.6  8.2   23.4 33.5 17.83 0.10 0.609 0.008 233.0 2.4
SN 2002bo  -1.08  12.95 0.59  13.06 0.18 149.2  8.9   44.6 33.7 13.88 0.10 0.711 0.008 213.1 2.4
SN 2002bo  15.99   9.38 0.25   8.28 0.06 165.2  8.9   24.7 33.7  9.69 0.10 0.662 0.008 235.0 2.4
SN 2002bz   4.92   0.33 0.01   0.28 0.01 113.4  7.8    3.6 33.4 11.23 0.10 0.704 0.005 148.5 2.4
SN 2002cd   1.10   1.44 0.03   1.39 0.02 109.3  7.3    3.7 33.3 14.81 0.10 0.666 0.010 160.3 2.4
SN 2002cd  17.89   0.97 0.02   0.79 0.01 118.6  7.4  -30.0 33.3 14.51 0.10 0.658 0.017 170.2 2.4
SN 2002cf  -0.75   1.08 0.01   1.04 0.01 118.4  7.6   13.7 33.4 10.42 0.10 0.647 0.004 181.2 2.4
SN 2002ck   3.64   0.59 0.01   0.51 0.01  83.0  6.4  -25.0 33.1 10.43 0.10 0.643 0.008 126.2 2.4
SN 2002cr  -6.78   3.92 0.04   3.54 0.02 105.4  6.9   -2.0 33.2 10.58 0.10 0.604 0.004 174.3 2.4
SN 2002cs  -7.76   1.07 0.02   1.01 0.01 126.5  7.8   17.9 33.4 15.73 0.10 0.620 0.002 198.9 2.4
SN 2002cu  -5.28   0.90 0.02   0.85 0.02 141.3  8.7   35.4 33.6 12.34 0.10 0.614 0.003 237.4 2.1
SN 2002db   9.21   0.36 0.01   0.27 0.02  89.7  6.9  -28.7 33.2 11.72 0.10 0.702 0.006 115.8 2.4
SN 2002de  -0.32   0.83 0.04   0.68 0.02  99.5  7.8   -5.4 33.4 11.92 0.10 0.779 0.013 118.7 2.4
SN 2002de   8.37   0.72 0.01   0.63 0.01  86.6  7.0  -29.8 33.2 11.07 0.10 0.722 0.005 114.8 2.4
SN 2002dj  -7.98   3.42 0.06   3.89 0.04 138.8  8.3   29.9 33.5 15.90 0.10 0.655 0.005 210.0 2.4
SN 2002dk  -1.23   0.27 0.01   0.31 0.01 115.5  7.1   10.9 33.3 11.31 0.10 0.587 0.007 212.1 2.4
SN 2002dp  15.55   3.57 0.03   3.04 0.01 179.2  8.9   40.4 33.7  9.29 0.10 0.651 0.003 274.8 2.4
SN 2002eb   1.68   1.07 0.01   0.88 0.01  71.2  5.5  -34.7 33.0  9.95 0.10 0.565 0.003 118.7 2.4
SN 2002ef   4.70   1.00 0.02   0.88 0.02 110.6  7.9    1.2 33.4 11.58 0.10 0.734 0.003 144.5 2.4
SN 2002el  11.82   0.66 0.01   0.45 0.01 134.5  7.8    8.8 33.4 10.39 0.10 0.648 0.006 176.9 2.4
SN 2002er  -4.58   4.71 0.07   4.38 0.03 110.1  7.4    4.7 33.3 12.24 0.10 0.678 0.001 154.7 2.4
SN 2002eu  -0.06   0.53 0.01   0.49 0.01 125.2  7.9   20.3 33.4 11.07 0.10 0.653 0.005 181.2 2.4
SN 2002eu   9.38   0.23 0.01   0.23 0.00 115.7  7.3   -3.1 33.3  9.94 0.10 0.638 0.014 181.2 2.4
SN 2002fb   0.98   0.89 0.01   0.76 0.01 105.1  7.2   -0.4 33.3 10.83 0.10 0.664 0.002 155.6 2.4
SN 2002fk   7.74  14.13 0.09  10.40 0.07  95.6  6.5  -19.4 33.1  9.51 0.10 0.661 0.004 121.1 2.4
SN 2002ha  -0.85   3.36 0.04   2.94 0.02 105.8  7.1    1.1 33.3 10.96 0.10 0.650 0.006 151.9 2.4
SN 2002ha   4.93   3.43 0.06   2.85 0.03 108.3  7.5   -1.5 33.3 10.68 0.10 0.707 0.003 145.9 2.4
SN 2002ha   7.89   7.72 0.12   5.41 0.03 116.0  7.3    0.7 33.3 10.87 0.10 0.675 0.007 145.9 2.4
SN 2002hd   6.48   0.86 0.01   0.66 0.01 122.7  7.6   10.3 33.4 10.42 0.10 0.663 0.004 168.1 2.4
SN 2002hd  12.72   0.41 0.02   0.34 0.02 169.3 11.8   40.7 34.6  9.69 0.10 0.607 0.013 342.0 1.2
SN 2002he  -1.03   1.60 0.03   1.37 0.03 119.9 11.2   15.3 34.4 12.68 0.10 0.691 0.004 173.0 1.2
SN 2002he   0.29   1.36 0.01   1.17 0.01 121.4  8.2   16.3 33.5 12.51 0.10 0.699 0.002 171.8 2.4
SN 2002he   3.22   2.80 0.02   2.39 0.02 121.2  8.2   13.7 33.5 12.32 0.10 0.707 0.002 171.8 2.4
SN 2002hu  -5.81   0.41 0.01   0.35 0.00  59.0  4.0  -47.4 32.7 10.44 0.10 0.400 0.003 137.0 2.4
SN 2002hw  -6.27   0.95 0.01   0.89 0.01  93.5  6.4  -13.4 33.1 11.79 0.10 0.593 0.003 147.4 2.4
SN 2002jg  10.11   0.67 0.02   0.64 0.02 145.1  8.2   24.4 33.5                                 
SN 2002jy  11.86   1.18 0.02   0.73 0.01 107.9  7.3  -17.9 33.3 10.59 0.10 0.684 0.009 131.4 2.4
SN 2002kf   6.81   2.11 0.02   1.73 0.01 119.5  7.9    6.4 33.4 10.79 0.10 0.701 0.002 160.9 2.4
SN 2003D    9.98   0.75 0.01   0.88 0.01 119.0  7.4   -1.3 33.3 10.44 0.10 0.629 0.003 180.0 2.4
SN 2003K   13.43   0.75 0.02   0.52 0.01  64.6  4.9  -66.3 32.9 11.91 0.10 0.534 0.016 103.7 2.4
SN 2003U   -2.55   0.65 0.01   0.59 0.01 124.4  8.1   19.8 33.5 10.92 0.10 0.688 0.003 179.3 2.4
SN 2003W   -5.06   0.53 0.01   0.61 0.01 152.3  8.4   46.6 33.6 18.35 0.10 0.587 0.004 258.8 2.4
SN 2003W   18.14   1.44 0.02   1.34 0.01 162.0  8.1   12.3 33.5 12.62 0.10 0.548 0.004 286.3 2.4
SN 2003Y   -1.74   0.49 0.01   0.43 0.01  96.2  6.3   -8.3 33.1                                 
SN 2003ai   7.25   0.59 0.02   0.54 0.02  67.6  5.4  -46.3 32.9  9.84 0.10 0.576 0.005 112.1 2.4
SN 2003cq  -0.15   0.38 0.01   0.34 0.01 120.2  8.1   15.3 33.5 12.46 0.10 0.686 0.005 180.0 2.4
SN 2003gn  -5.38   0.14 0.01   0.14 0.00 147.8  9.1   41.8 33.7 13.66 0.10 0.712 0.017 210.7 2.4
SN 2003gt  -5.07   2.12 0.03   1.93 0.02  75.8  5.4  -30.0 32.9 11.34 0.10 0.543 0.005 133.9 2.4
SN 2003gt  17.61   1.29 0.01   1.45 0.01  70.7  5.2  -76.6 32.9 10.74 0.10 0.523 0.012 137.8 2.4
SN 2003he   2.71   1.25 0.02   1.02 0.01 102.1  7.5   -4.8 33.3 11.35 0.10 0.727 0.004 138.5 2.4
SN 2003he   8.54   0.98 0.02   0.63 0.01 105.9  7.0  -10.9 33.2 11.27 0.10 0.656 0.005 142.4 2.4
SN 2003iv   1.76   0.02 0.00   0.01 0.00 109.4  7.7    3.4 33.4 11.25 0.10 0.705 0.008 150.8 2.4
SN 2003iv   6.58   0.16 0.01   0.14 0.00 108.9  7.4   -3.7 33.3 10.77 0.10 0.654 0.003 156.6 2.4
SN 2003kf  -7.50   5.44 0.10   5.29 0.05  72.4  4.8  -35.8 32.8 12.39 0.10 0.469 0.007 137.0 2.4
SN 2004E    5.26   1.33 0.01   1.00 0.01  92.4  7.0  -17.8 33.2 11.01 0.10 0.714 0.004 120.4 2.4
SN 2004S    8.26   4.18 0.01   4.19 0.00  62.2  4.8  -53.9 32.8  9.08 0.10 0.505 0.002 118.9 2.4
SN 2004as  -4.36   0.46 0.00   0.44 0.00 131.5  8.0   26.2 33.5 12.29 0.10 0.637 0.001 205.6 2.4
SN 2004bd  10.76   2.39 0.04   2.46 0.02 142.8  8.3   20.3 33.5 11.37 0.10 0.623 0.001 224.0 2.4
SN 2004bg  10.34   1.59 0.01   1.08 0.01 114.1  7.3   -7.2 33.3  9.96 0.10 0.663 0.004 145.0 2.4
SN 2004bk   6.13   1.75 0.03   1.28 0.01 102.6  6.9   -9.2 33.2 11.62 0.10 0.719 0.006 113.4 2.4
SN 2004bl   4.61   1.66 0.03   1.41 0.02  94.7  6.9  -14.5 33.2 10.68 0.10 0.672 0.004 137.6 2.4
SN 2004bl  19.38   1.86 0.02   1.15 0.02 137.7  7.8  -17.8 33.4  9.63 0.10 0.641 0.006 202.5 2.4
SN 2004br   3.50   1.89 0.03   1.44 0.03  41.5  3.6  -66.3 32.7 11.34 0.10 0.408 0.007 101.6 2.4
SN 2004bv  -7.06   4.27 0.05   3.55 0.06  36.1  2.3  -71.6 32.6  9.86 0.10 0.199 0.005 201.9 2.4
SN 2004bv   9.77   7.40 0.08   5.75 0.04  72.5  5.2  -47.3 32.9  9.19 0.10 0.562 0.007 112.8 2.4
SN 2004bw -10.03   0.18 0.01   0.18 0.01 117.5  7.5    5.3 33.4 13.16 0.10 0.639 0.014 182.1 2.4
SN 2004bw   6.59   1.18 0.01   0.90 0.01 119.7  8.1    7.1 33.5 11.15 0.10 0.702 0.005 164.5 2.4
SN 2004dt  -6.46   1.68 0.02   1.57 0.02 176.0 10.1   69.0 34.0 15.92 0.10 0.703 0.003 251.0 2.4
SN 2004dt   1.38   2.59 0.02   2.39 0.01 178.0  6.7   72.3 33.2 14.34 0.10 0.750 0.002 235.4 6.0
SN 2004dt  18.00   1.71 0.02   1.39 0.02 198.2  9.8   49.0 33.9  9.86 0.10 0.730 0.002 239.3 2.4
SN 2004ef  -5.52   0.39 0.01   0.38 0.01 132.9  7.9   26.8 33.4 13.42 0.10 0.609 0.003 219.2 2.4
SN 2004ef   8.05   0.58 0.02   0.42 0.01 133.0  8.3   17.4 33.5 11.89 0.10 0.695 0.008 172.7 2.4
SN 2004eo  -5.57   1.06 0.01   0.99 0.01 103.2  6.7   -2.9 33.2 11.35 0.10 0.592 0.005 163.4 2.4
SN 2004eo  13.19   0.61 0.01   0.83 0.01  72.4  5.1  -57.8 32.9                                 
SN 2004ey  -7.58   2.05 0.01   1.89 0.01  80.4  5.5  -28.0 32.9 11.77 0.10 0.529 0.001 135.9 2.4
SN 2004fu  -2.65   3.96 0.04   3.79 0.03 128.6  8.2   23.9 33.5 12.92 0.10 0.673 0.004 192.2 2.4
SN 2004fu   2.43   3.79 0.03   3.60 0.02 134.8  8.7   28.2 33.6 11.85 0.10 0.708 0.002 192.2 2.4
SN 2004fz  -5.18   2.36 0.02   2.22 0.01  91.6  6.4  -14.2 33.1 10.67 0.10 0.613 0.002 141.5 2.4
SN 2004gs   0.44   0.56 0.01   0.56 0.00 130.8  8.4   25.6 33.6 10.73 0.10 0.677 0.005 196.8 2.4
SN 2005A    5.55   0.29 0.02   0.29 0.00 128.9  8.1   18.2 33.5 14.76 0.10 0.655 0.018 196.2 2.4
SN 2005M    8.23   0.35 0.01   0.25 0.00  64.8  6.5  -51.3 33.1  8.06 0.10 0.491 0.003 124.0 1.2
SN 2005M    9.23   1.11 0.01   0.79 0.01  69.7  4.8  -48.7 32.8  7.97 0.10 0.497 0.005 123.3 2.4
SN 2005W    0.59   2.95 0.05   2.76 0.06 109.3 10.7    4.0 34.2 10.85 0.10 0.702 0.003 157.0 1.2
SN 2005ag   0.53   0.03 0.00   0.02 0.00  82.1  6.2  -23.2 33.1 10.60 0.10 0.579 0.007 135.4 2.3
SN 2005am   4.47  11.40 0.07   9.76 0.03 119.2  7.7   10.2 33.4 11.47 0.10 0.686 0.002 162.7 2.4
SN 2005am   6.37  10.87 0.03   8.67 0.01 119.2  4.9    7.0 32.9 11.35 0.10 0.683 0.004 163.7 6.1
SN 2005ao  -1.29   0.51 0.01   0.39 0.01  69.1  5.7  -35.5 33.0 11.41 0.10 0.593 0.005 115.6 2.4
SN 2005ao   0.52   0.38 0.01   0.29 0.00  76.2  5.9  -29.0 33.0 11.68 0.10 0.617 0.011 117.5 2.4
SN 2005bc   1.55   1.92 0.01   1.82 0.01 115.3  7.7    9.4 33.4 10.91 0.10 0.686 0.001 164.0 2.4
SN 2005bc   7.37   1.73 0.02   1.50 0.02 124.4  7.9   10.2 33.4 10.54 0.10 0.709 0.005 164.0 2.4
SN 2005be  10.96   0.26 0.00   0.21 0.00 115.1  6.8   -8.0 33.2 10.79 0.10 0.573 0.006 166.2 2.4
SN 2005cf -10.94   2.85 0.03   3.08 0.02 141.5  7.9   27.5 33.4 16.81 0.10 0.538 0.003 262.3 2.4
SN 2005cf  -2.11  87.99 0.47  75.21 0.42  85.1  5.9  -19.5 33.0 10.36 0.10 0.569 0.001 137.1 2.4
SN 2005cf  -1.19  18.71 0.12  16.71 0.12  85.3  6.0  -19.3 33.0 10.26 0.10 0.586 0.001 135.1 2.4
SN 2005de  -0.75   1.88 0.03   1.76 0.03 102.8  7.1   -1.9 33.3 10.91 0.10 0.666 0.005 145.8 2.4
SN 2005de  10.10   1.75 0.01   1.34 0.01 122.4  7.5    1.7 33.3 10.15 0.10 0.670 0.004 149.7 2.4
SN 2005dm   5.23   0.45 0.01   0.51 0.01 162.2  8.3   52.0 33.5  9.00 0.10 0.595 0.002 275.4 2.4
SN 2005dv  -0.57   1.15 0.05   1.11 0.02 146.5  8.9   41.7 33.7 12.39 0.10 0.734 0.008 199.9 2.4
SN 2005el  -6.70   1.60 0.01   1.41 0.01  67.7  4.6  -39.5 32.8 11.80 0.10 0.444 0.003 141.9 2.4
SN 2005el   1.22   2.87 0.03   2.41 0.02  91.6  6.5  -14.1 33.1 10.93 0.10 0.609 0.002 145.8 2.4
SN 2005el   8.09   2.55 0.02   1.80 0.01 104.0  6.7  -11.7 33.2 10.84 0.10 0.630 0.004 143.9 2.4
SN 2005er  -0.26   0.00 0.00   0.00 0.00 134.3 10.2   29.4 34.0 10.08 0.10 0.597 0.004 200.0 1.2
SN 2005er   1.67   0.15 0.00   0.17 0.00 152.1  7.7   46.2 33.4  9.64 0.10 0.585 0.002 253.4 2.4
SN 2005eq  -2.98   0.75 0.01   0.61 0.00  46.6  3.2  -58.2 32.6  9.81 0.10 0.321 0.003 132.2 2.4
SN 2005eq   0.66   0.93 0.01   0.73 0.00  48.1  3.9  -57.2 32.7  9.53 0.10 0.412 0.003 112.7 2.4
SN 2005ew  18.23   3.98 0.02   2.72 0.01  82.0  5.6  -68.2 33.0 12.14 0.10 0.519 0.005 153.5 2.4
SN 2005eu  -9.06   0.24 0.00   0.20 0.00  35.7  2.5  -74.8 32.6 11.81 0.10 0.226 0.003 150.7 2.4
SN 2005eu  -5.46   0.47 0.01   0.36 0.01  55.5  4.0  -50.6 32.7 11.90 0.10 0.380 0.004 146.9 2.4
SN 2005hj   7.51   0.44 0.01   0.36 0.01  49.1  5.7  -65.4 33.0 10.43 0.10 0.454 0.007 104.0 1.2
SN 2005iq  -5.86   6.57 0.09   5.91 0.08  91.5  8.7  -15.0 33.6 11.54 0.10 0.573 0.003 153.0 1.2
SN 2005kc  10.28   0.09 0.00   0.09 0.00  75.9  8.2  -45.3 33.5  9.97 0.10 0.576 0.005 131.0 1.2
SN 2005kc  12.25   1.56 0.02   1.70 0.01  75.5  5.5  -51.5 33.0 10.29 0.10 0.529 0.012 137.9 2.4
SN 2005ki   1.62   8.18 0.06   7.02 0.04 104.7 10.1   -1.2 34.0 11.23 0.10 0.669 0.001 152.0 1.2
SN 2005ki   8.35   1.78 0.04   1.21 0.03 116.5  7.3    0.2 33.3 11.07 0.10 0.661 0.009 155.0 2.4
SN 2005mc   6.64   0.60 0.01   0.63 0.01 107.0  6.8   -5.7 33.2 10.50 0.10 0.567 0.009 183.4 2.4
SN 2005lz   0.58   5.50 0.11   4.87 0.09 107.1 10.3    1.9 34.1 10.43 0.10 0.677 0.004 154.0 1.2
SN 2005ms  -1.88   2.72 0.05   2.36 0.05 117.3  7.6   12.7 33.4 11.17 0.10 0.646 0.005 181.4 2.4
SN 2005ms  14.62   0.71 0.01   0.49 0.01 144.1  8.4    8.9 33.5  9.27 0.10 0.682 0.005 185.3 2.4
SN 2005na   0.03   0.90 0.02   0.72 0.01  71.3  5.4  -33.7 32.9 10.92 0.10 0.542 0.011 126.7 2.4
SN 2005na   1.03   1.00 0.04   0.89 0.02  70.0  5.6  -35.6 33.0 10.63 0.10 0.574 0.006 120.8 2.4
SN 2006D    3.70  15.29 0.05  13.04 0.05 101.0  6.9   -7.1 33.2 10.88 0.10 0.652 0.003 150.7 2.4
SN 2006H    7.01   0.28 0.01   0.39 0.01 104.5  7.0   -9.0 33.2 10.34 0.10 0.611 0.005 171.6 2.4
SN 2006N   -1.89   2.36 0.02   2.13 0.02  96.5  6.4   -8.0 33.1 11.22 0.10 0.587 0.002 157.7 2.4
SN 2006N   -0.90   1.97 0.01   1.72 0.02 111.7  7.5    7.0 33.4 11.42 0.10 0.685 0.002 155.8 2.4
SN 2006N   11.91   1.31 0.02   0.96 0.02 118.0  7.3   -8.0 33.3 10.17 0.10 0.617 0.004 163.7 2.4
SN 2006S   -3.93   8.98 0.27   7.35 0.15  56.9  3.9  -48.2 32.7 10.72 0.10 0.374 0.005 137.6 2.4
SN 2006S    2.99   0.58 0.01   0.45 0.01  74.4  5.7  -32.8 33.0 10.53 0.10 0.592 0.003 114.3 2.4
SN 2006S   18.45   0.25 0.01   0.25 0.00  52.7  4.3  -98.5 32.8  9.94 0.10 0.493 0.015  95.0 2.4
SN 2006X    3.15   9.64 0.07  10.56 0.07 173.9 10.2   66.5 34.1 15.26 0.10 0.784 0.002 212.9 2.4
SN 2006ac   7.96   1.42 0.01   1.06 0.01 150.5  9.7   35.1 33.9 12.38 0.10 0.786 0.004 185.7 2.4
SN 2006ak   8.43   0.44 0.00   0.36 0.00  98.8  6.5  -17.7 33.1 10.84 0.10 0.571 0.004 169.5 2.4
SN 2006ax -10.07   0.66 0.01   0.58 0.00  87.1  5.5  -25.2 33.0 12.14 0.10 0.487 0.002 169.2 2.4
SN 2006bq   6.97   4.38 0.03   3.61 0.03 158.4  9.6   45.0 33.9 13.94 0.10 0.741 0.002 217.2 2.4
SN 2006bq  14.55   0.97 0.01   0.73 0.01 156.9  9.6   22.0 33.9 12.02 0.10 0.755 0.006 207.5 2.4
SN 2006bq  14.64   0.78 0.01   0.51 0.01 164.0 10.3   28.7 34.1 12.50 0.10 0.835 0.009 195.7 2.4
SN 2006br  10.62   0.22 0.01   0.20 0.01 142.0  9.0   19.8 33.7 12.42 0.10 0.759 0.011 197.2 2.4
SN 2006bt  -5.30   0.37 0.00   0.34 0.00 110.5  6.8    4.5 33.2 11.48 0.10 0.547 0.001 197.6 2.4
SN 2006bt  -4.53   0.35 0.00   0.33 0.00 111.1  6.9    5.7 33.2 12.05 0.10 0.568 0.005 189.9 2.4
SN 2006bt   2.27   0.36 0.00   0.34 0.00 128.1  8.0   21.6 33.5 10.53 0.10 0.650 0.002 191.8 2.4
SN 2006bu   4.22   0.11 0.00   0.08 0.00  82.9  6.4  -25.8 33.1 10.91 0.10 0.602 0.005 134.7 2.3
SN 2006bw   8.90   0.35 0.00   0.35 0.00 136.3  8.5   18.7 33.6 10.38 0.10 0.675 0.002 203.9 2.4
SN 2006bz  -2.44   0.28 0.01   0.24 0.01 102.0  7.1   -2.6 33.3 11.29 0.10 0.666 0.005 151.8 2.4
SN 2006cf   6.28   0.27 0.02   0.24 0.01  85.8  5.9  -26.2 33.0  9.30 0.10 0.595 0.014 134.4 2.4
SN 2006cf  11.09   0.44 0.01   0.29 0.00 119.2  7.2   -4.3 33.3 10.43 0.10 0.653 0.005 149.8 2.4
SN 2006cj   3.43   0.14 0.00   0.11 0.00  67.6  5.7  -40.1 33.0 11.04 0.10 0.590 0.006 116.2 2.3
SN 2006cm  -1.15   0.62 0.01   0.53 0.01  44.9  3.6  -59.8 32.7 11.35 0.10 0.389 0.007 116.1 2.4
SN 2006cm   6.77   0.47 0.01   0.38 0.01  49.6  4.0  -63.3 32.7 11.45 0.10 0.492 0.005  86.6 2.4
SN 2006cp  -5.30   0.91 0.01   0.87 0.01 157.2  9.2   51.3 33.8 14.73 0.10 0.696 0.004 232.8 2.4
SN 2006cq   2.00   0.26 0.00   0.22 0.00  96.6  6.8   -9.6 33.2  9.95 0.10 0.662 0.006 137.4 2.3
SN 2006cs   2.28   0.28 0.00   0.23 0.00  94.4  6.6  -12.1 33.1 11.01 0.10 0.625 0.004 138.7 2.4
SN 2006cz   1.12   0.37 0.01   0.30 0.00  56.2  4.1  -49.4 32.7 12.19 0.10 0.413 0.006 124.8 2.4
SN 2006dm   8.73   1.07 0.01   0.79 0.01 124.8  7.8    7.5 33.4 10.34 0.10 0.659 0.003 178.1 2.4
SN 2006dm  14.61   0.70 0.01   0.60 0.01 170.0  8.9   34.8 33.7  9.57 0.10 0.662 0.005 254.4 2.4
SN 2006ef   3.20   1.95 0.01   1.78 0.01 135.2  8.7   27.8 33.6 11.70 0.10 0.701 0.002 192.6 2.4
SN 2006gr  -8.70   0.23 0.00   0.22 0.00  74.9  4.4  -35.0 32.8 17.63 0.10 0.308 0.003 264.8 2.4
SN 2006ej  -3.70   1.36 0.01   1.25 0.00 108.3  7.3    3.3 33.3 12.45 0.10 0.626 0.003 170.5 2.4
SN 2006ej   5.09   1.01 0.01   0.87 0.01 129.8  8.4   19.8 33.5 11.64 0.10 0.695 0.003 178.4 2.4
SN 2006en   8.55   0.42 0.01   0.37 0.01  68.5  6.0  -48.2 33.0 10.65 0.10 0.679 0.007 102.7 2.4
SN 2006et   3.29   1.21 0.01   1.04 0.01  73.3  5.3  -34.2 32.9  9.43 0.10 0.524 0.003 133.1 2.4
SN 2006et   9.14   0.90 0.03   0.68 0.01  80.3  5.5  -37.9 33.0  9.34 0.10 0.569 0.009 115.4 2.4
SN 2006eu  10.17   0.27 0.01   0.36 0.00 172.4  9.4   51.5 33.8 10.88 0.10 0.679 0.008 263.8 2.4
SN 2006eu  16.02   0.20 0.00   0.29 0.00 191.2  9.9   50.6 34.0  8.79 0.10 0.673 0.006 298.9 2.4
SN 2006ev  10.54   0.50 0.01   0.37 0.02 125.8  8.4    3.9 33.6 11.82 0.10 0.694 0.011 184.7 2.4
SN 2006ev  16.36   0.33 0.03   0.27 0.01 139.3  8.5   -2.8 33.6 11.34 0.10 0.685 0.004 192.5 2.4
SN 2006gj   4.70   0.25 0.01   0.27 0.00 119.0  8.0    9.6 33.5 10.25 0.10 0.701 0.009 167.3 2.4
SN 2006gt   3.08   0.19 0.00   0.18 0.00 119.5  8.0   12.2 33.5 10.32 0.10 0.720 0.004 162.7 2.3
SN 2006ke   2.36   0.15 0.00   0.16 0.00  66.1  4.4  -40.5 32.8  9.38 0.10 0.411 0.002 159.3 2.4
SN 2006ke   8.38   0.12 0.00   0.15 0.00  89.8  5.7  -26.6 33.0  8.71 0.10 0.515 0.010 184.8 2.4
SN 2006kf  -8.96   0.26 0.00   0.24 0.00 127.6  7.6   17.3 33.4 12.81 0.10 0.624 0.004 197.8 2.4
SN 2006kf  -3.05   0.69 0.01   0.68 0.00 114.6  7.4    9.9 33.3 11.56 0.10 0.653 0.001 162.5 2.4
SN 2006lf  -6.30   0.43 0.00   0.43 0.00  95.2  6.5  -11.7 33.1 11.49 0.10 0.599 0.002 157.9 2.4
SN 2006lf  14.29   0.32 0.01   0.45 0.01  91.5  6.5  -42.5 33.1 10.22 0.10 0.604 0.010 150.0 2.4
SN 2006le  -8.69   0.52 0.01   0.52 0.00  82.0  4.5  -27.9 32.8                                 
SN 2006le  11.92   1.14 0.01   0.81 0.01 100.9  6.7  -25.1 33.2 10.81 0.10 0.640 0.004 137.6 2.4
SN 2006mo  12.46   0.24 0.00   0.24 0.00 103.8  5.8  -23.9 33.0 10.99 0.10 0.481 0.006 190.9 2.4
SN 2006mp   5.66   1.02 0.01   0.74 0.01  49.4  4.0  -61.6 32.7  9.43 0.10 0.444 0.004 109.1 2.4
SN 2006or  -2.79   0.78 0.03   0.71 0.01 110.0  7.2    5.3 33.3 11.01 0.10 0.616 0.008 168.5 2.4
SN 2006or   4.93   0.31 0.01   0.28 0.00 104.7  6.5   -5.1 33.1 11.39 0.10 0.550 0.004 176.3 2.4
SN 2006os   8.61   0.27 0.01   0.25 0.01 129.3  8.6   12.3 33.6 11.10 0.10 0.746 0.003 178.2 2.4
SN 2006sr  -2.34   0.75 0.01   0.69 0.00 109.2  7.2    4.6 33.3 12.39 0.10 0.623 0.002 171.9 2.4
SN 2006sr   2.69   1.16 0.01   1.02 0.01 111.3  7.6    4.4 33.4 11.62 0.10 0.660 0.002 167.9 2.4
SN 2007A    2.37   2.02 0.02   1.73 0.01  88.8  6.4  -17.7 33.1 10.78 0.10 0.619 0.002 137.6 2.4
SN 2007A   15.07   1.39 0.01   0.95 0.01 115.1  6.9  -21.8 33.2 10.49 0.10 0.632 0.005 139.5 2.4
SN 2007F   -9.35   0.63 0.01   0.59 0.00  67.4  4.4  -43.6 32.8 12.14 0.10 0.428 0.002 144.6 2.4
SN 2007F    3.23   1.32 0.01   1.06 0.01  85.8  6.5  -21.7 33.1 11.08 0.10 0.657 0.003 123.1 2.4
SN 2007O   -0.33  11.47 0.14   9.34 0.11  79.2  7.7  -25.6 33.4  9.96 0.10 0.543 0.005 130.0 1.2
SN 2007N    0.44   3.39 0.04   3.38 0.04  88.3  8.0  -16.8 33.4 11.19 0.10 0.506 0.002 171.0 1.2
SN 2007S    5.18   1.98 0.02   1.59 0.02  67.6  4.8  -42.5 32.8 10.24 0.10 0.502 0.004 124.3 2.4
SN 2007af  -1.25  17.40 0.07  16.11 0.08 107.3  7.5    2.7 33.3 11.02 0.10 0.694 0.002 149.2 2.4
SN 2007af   2.84  18.20 0.07  16.47 0.05 112.7 11.2    5.7 34.4 10.60 0.10 0.722 0.002 154.0 1.2
SN 2007af   3.81  17.08 0.08  16.56 0.07 105.0  7.6   -3.2 33.4 10.73 0.10 0.691 0.002 153.2 2.4
SN 2007aj  10.75   0.54 0.01   0.37 0.00 127.7  7.7    5.2 33.4 10.77 0.10 0.688 0.006 147.6 2.4
SN 2007al   3.39   0.63 0.01   0.59 0.01  70.8  4.8  -36.8 32.8  9.04 0.10 0.465 0.006 144.3 2.4
SN 2007ap   9.37  26.16 0.21  19.21 0.14 117.6 10.4   -1.2 34.1 10.67 0.10 0.649 0.004 164.0 1.2
SN 2007au  16.11   0.49 0.01   0.61 0.02 220.9 10.7   79.9 34.2  9.14 0.10 0.716 0.003 337.1 2.4
SN 2007ba   5.18   3.26 0.05   3.43 0.05 101.8  9.2   -8.3 33.8 10.11 0.10 0.583 0.003 168.0 1.2
SN 2007bc   0.61   1.47 0.01   1.32 0.01 101.0  7.1   -4.2 33.3 10.63 0.10 0.667 0.003 145.0 2.4
SN 2007bd  -5.79   0.43 0.01   0.42 0.01  98.0  6.6   -8.4 33.1 13.15 0.10 0.577 0.005 168.8 2.4
SN 2007bd   9.70   0.53 0.03   0.37 0.01  90.8  6.7  -28.8 33.2 11.16 0.10 0.627 0.019 143.5 2.4
SN 2007bj  14.25   2.57 0.03   1.34 0.01 105.2  7.0  -28.6 33.2 11.85 0.10 0.734 0.012 106.2 2.4
SN 2007bm  -7.79   5.32 0.04   5.26 0.05  89.0  6.0  -19.6 33.0 11.25 0.10 0.562 0.003 151.1 2.4
SN 2007bz   1.65   1.08 0.02   0.91 0.01  65.3  5.2  -40.7 32.9 12.07 0.10 0.554 0.005 113.5 2.4
SN 2007ca -11.14   0.72 0.02   0.71 0.02  55.0  3.7  -59.4 32.7 12.71 0.10 0.341 0.010 147.9 2.4
SN 2007ca  16.46   1.33 0.03   0.85 0.02 123.8  7.4  -18.6 33.3  9.25 0.10 0.645 0.014 153.8 2.4
SN 2007cg  16.17   0.26 0.01   0.21 0.01  82.7  5.1  -58.6 32.9 12.44 0.10 0.445 0.007 170.3 2.4
SN 2007ci  -6.57   0.92 0.02   0.89 0.01 114.3  7.6    7.1 33.4 12.64 0.10 0.669 0.003 172.9 2.4
SN 2007ci  -1.71   1.31 0.01   1.23 0.01 119.8  8.0   15.2 33.5 11.58 0.10 0.688 0.001 172.9 2.4
SN 2007co  -4.09   0.63 0.01   0.58 0.00 124.2  7.8   19.1 33.4 11.59 0.10 0.646 0.003 185.0 2.4
SN 2007co   0.85   0.74 0.01   0.66 0.01 118.4  7.8   13.0 33.4 11.40 0.10 0.690 0.001 163.6 2.4
SN 2007co   9.55   0.70 0.01   0.51 0.00 131.1  8.4   11.9 33.6 11.02 0.10 0.729 0.005 163.6 2.4
SN 2007cq  -5.82   0.67 0.01   0.59 0.01  38.6  2.7  -67.8 32.6 10.90 0.10 0.272 0.004 150.1 2.4
SN 2007cq   7.84   1.48 0.03   1.07 0.01  65.5  5.1  -49.6 32.9 10.53 0.10 0.550 0.006 109.2 2.4
SN 2007fb   1.95   2.83 0.03   2.69 0.03 115.9  7.8    9.7 33.4 11.36 0.10 0.689 0.004 165.0 2.4
SN 2007fb  14.63   0.94 0.01   0.79 0.01 150.2  8.0   15.0 33.5 10.69 0.10 0.650 0.005 186.6 2.4
SN 2007fr  -5.83   0.12 0.00   0.11 0.00 111.9  7.6    5.6 33.4 11.82 0.10 0.675 0.004 165.6 2.3
SN 2007fr  -1.25   0.15 0.00   0.14 0.00 116.4  7.9   11.8 33.4 11.26 0.10 0.706 0.011 161.8 2.3
SN 2007fs   5.03   2.92 0.02   2.30 0.01  92.2  7.0  -17.7 33.2 10.36 0.10 0.689 0.004 129.8 2.4
SN 2007ge  12.53   0.15 0.00   0.17 0.00  72.6  5.4  -55.3 32.9 10.23 0.10 0.499 0.012 145.5 2.3
SN 2007gi  -7.31  16.24 0.05  16.75 0.07 180.2 10.1   72.2 34.0 18.40 0.10 0.713 0.002 250.8 2.4
SN 2007gi  -0.35  25.92 0.14  22.76 0.05 181.7 10.3   76.8 34.1 15.73 0.10 0.753 0.001 234.9 2.4
SN 2007gi   6.61  14.81 0.07  11.23 0.06 154.4  9.5   41.7 33.9 14.36 0.10 0.767 0.005 195.1 2.4
SN 2007gk  -1.72   0.73 0.00   0.71 0.00 165.1  9.7   60.6 33.9 14.07 0.10 0.719 0.002 233.8 2.4
SN 2007gk  19.65   0.34 0.01   0.36 0.00 214.5 10.7   57.6 34.2 11.10 0.10 0.713 0.006 315.6 2.4
SN 2007hj  -1.23   1.81 0.01   1.78 0.01 140.5  8.8   35.9 33.6 12.42 0.10 0.710 0.005 195.2 2.4
SN 2007hj  12.53   1.14 0.01   1.24 0.01 174.7  9.2   46.7 33.8 10.59 0.10 0.676 0.002 254.4 2.4
SN 2007kk   7.15   1.94 0.03   1.44 0.02 113.1  7.7   -0.6 33.4 11.88 0.10 0.689 0.006 157.5 2.4
SN 2007le -10.31   4.54 0.04   5.21 0.06 167.4  9.3   54.7 33.8 15.32 0.10 0.662 0.004 254.3 2.4
SN 2007le  -9.40   4.60 0.04   5.06 0.05 134.1  7.4   23.0 33.3 14.92 0.10 0.552 0.003 258.3 2.4
SN 2007le   7.43  11.74 0.12   9.54 0.05 111.5  7.8   -2.8 33.4 12.09 0.10 0.722 0.009 149.0 2.4
SN 2007le  16.39   8.08 0.24   6.75 0.03 159.0  8.7   16.8 33.6 11.20 0.10 0.688 0.008 210.6 2.4
SN 2007le  17.37   8.43 0.21   6.61 0.02 154.7  8.7    8.4 33.6 11.20 0.10 0.705 0.007 196.7 2.4
SN 2007s1  -1.23   0.80 0.01   0.71 0.01 122.4  8.0   17.7 33.5 11.61 0.10 0.698 0.004 165.5 2.4
SN 2007on  -3.01  17.11 0.05  15.54 0.04 116.2  7.7   11.4 33.4 11.53 0.10 0.683 0.002 166.9 2.4
SN 2007on  -3.00  14.54 0.06  13.49 0.04 116.8 10.9   12.1 34.3 11.72 0.10 0.683 0.001 167.0 1.2
SN 2007qe  -6.54   0.91 0.01   0.87 0.01 137.2  8.1   30.1 33.5 14.85 0.10 0.622 0.002 214.8 2.4
SN 2007qe   6.23   1.71 0.02   1.30 0.02 136.9  9.0   25.0 33.7 12.64 0.10 0.752 0.005 173.8 2.4
SN 2007ux   5.59   0.80 0.03   0.82 0.03  69.3  4.7  -41.5 32.8 10.73 0.10 0.459 0.009 157.1 2.4
SN 2008C   15.68   1.43 0.01   1.17 0.01 139.4  7.6    0.1 33.4  9.90 0.10 0.588 0.004 218.4 2.4
SN 2008Q    6.46  14.98 0.09  11.55 0.05  98.2  6.9  -14.1 33.2 11.09 0.10 0.648 0.002 146.8 2.4
SN 2008Z   -2.29   1.76 0.02   1.41 0.01  60.1  4.3  -44.5 32.8 11.28 0.10 0.441 0.004 127.3 2.4
SN 2008Z    9.99   0.74 0.01   0.51 0.00  76.9  4.1  -43.5 32.8 11.83 0.10 0.618 0.005 109.7 4.8
SN 2008ar  -8.87   0.36 0.00   0.37 0.01 112.2  4.6    2.0 32.8 12.17 0.10 0.485 0.002 237.8 4.8
SN 2008ar   2.83   0.57 0.02   0.50 0.01  91.6  6.7  -15.4 33.2 10.29 0.10 0.643 0.012 140.3 2.4
SN 2008bt  -1.08   1.18 0.05   1.10 0.03 113.5  6.8    8.9 33.2  9.62 0.10 0.608 0.012 179.2 2.4
SN 2008s1  -6.36   0.79 0.01   0.69 0.01  69.2  5.1  -37.7 32.9 11.88 0.10 0.505 0.005 135.0 2.4
SN 2008s1  -4.40   1.04 0.04   0.88 0.03  73.7  5.4  -31.6 32.9  9.98 0.10 0.505 0.004 144.8 2.4
SN 2008s1  -3.42   1.02 0.02   0.88 0.01  81.1  5.7  -23.7 33.0 11.22 0.10 0.550 0.006 140.9 2.4
SN 2008s1   0.49   1.33 0.03   1.10 0.02 105.9  7.5    0.7 33.3 10.55 0.10 0.724 0.003 138.9 2.4
SN 2008s1   4.40   1.17 0.01   1.03 0.01  98.7  7.1  -10.2 33.3 10.64 0.10 0.678 0.005 140.9 2.4
SN 2008s1   5.38   1.16 0.00   0.96 0.00 100.8  7.1   -9.6 33.3 10.46 0.10 0.684 0.002 137.0 2.4
SN 2008s1  15.37   0.52 0.01   0.67 0.01  75.4  5.4  -62.7 32.9 10.61 0.10 0.545 0.006 140.9 2.4
SN 2008cl   4.24   0.08 0.01   0.07 0.00 107.8  8.0   -1.0 33.5 12.18 0.10 0.762 0.012 139.2 2.3
SN 2008dx   2.46   0.29 0.01   0.28 0.01  86.5  6.0  -20.2 33.0  9.38 0.10 0.601 0.008 129.0 2.4
SN 2008dx   7.33   0.22 0.01   0.24 0.00  84.9  5.5  -29.2 32.9  8.90 0.10 0.532 0.009 138.8 2.4
SN 2008dt   9.27   0.28 0.01   0.30 0.01 179.9 10.1   61.4 34.0 13.26 0.10 0.717 0.012 272.4 2.4
SN 2008ec  -0.24   2.11 0.01   1.92 0.01 118.7  8.1   13.8 33.5 10.95 0.10 0.721 0.003 159.4 2.4
SN 2008ec   5.70   2.25 0.02   1.87 0.01 144.2  9.5   33.2 33.9 10.77 0.10 0.852 0.005 163.3 2.4
SN 2008ec  12.51   1.58 0.01   1.27 0.01 160.3  8.2   32.4 33.5 10.09 0.10 0.630 0.005 249.9 2.4
SN 2008ei   3.29   0.30 0.01   0.28 0.00 179.5 10.7   71.9 34.2 15.34 0.10 0.797 0.004 217.8 2.4
SN 2008ei   9.13   0.32 0.00   0.27 0.00 177.0 11.0   58.8 34.3 14.67 0.10 0.890 0.005 188.9 2.4
SN 2008s5   1.26   1.18 0.01   0.95 0.01  57.9  4.0  -47.8 32.7  9.08 0.10 0.403 0.004 130.0 2.4
SN 2008s5   8.96   0.92 0.01   0.64 0.00  74.7  5.1  -43.0 32.9  8.99 0.10 0.526 0.007 114.5 2.4
SN 2008hs  -7.94   0.56 0.01   0.50 0.01 105.8  7.1   -3.0 33.3 12.32 0.10 0.646 0.003 161.2 2.4