SN2008go 0.062300 332.686792 -20.788111
filter B
1765.61 18.198 0.009
1766.56 18.196 0.009
1768.55 18.249 0.013
1770.51 18.379 0.015
1772.57 18.496 0.013
1776.58 18.849 0.027
filter V
1765.61 18.112 0.009
1766.56 18.086 0.008
1768.55 18.090 0.010
1770.51 18.153 0.013
1772.57 18.207 0.012
1776.58 18.425 0.012
filter r
1765.61 18.066 0.008
1766.56 18.056 0.008
1768.55 18.032 0.009
1770.51 18.050 0.011
1772.57 18.131 0.014
1776.58 18.341 0.010
filter i
1765.61 18.560 0.015
1766.56 18.561 0.013
1768.55 18.555 0.015
1770.51 18.621 0.039
1772.57 18.701 0.019
1776.58 19.058 0.026
