SN2006bd 0.025700 174.618583 20.526222
filter B
 823.70 19.024 0.020
 831.67 19.831 0.031
 834.67 20.411 0.111
 845.62 20.996 0.047
 872.57 21.644 0.145
filter V
 823.70 18.275 0.012
 831.67 18.541 0.015
 833.69 18.762 0.023
 834.67 18.856 0.025
 841.65 19.472 0.053
 845.62 19.875 0.039
 866.59 20.497 0.103
 872.57 20.691 0.078
filter r
 823.70 18.123 0.011
 831.67 18.015 0.011
 833.69 18.198 0.012
 834.67 18.287 0.015
 841.65 18.971 0.025
 845.62 19.254 0.021
 866.59 20.368 0.077
 872.57 20.530 0.057
filter i
 823.70 18.249 0.016
 831.67 18.055 0.016
 833.69 18.157 0.014
 834.67 18.186 0.016
 841.65 18.786 0.024
 845.62 19.120 0.028
 866.59 20.289 0.081
 872.57 20.413 0.079
