SN2009cz 0.021100 138.750083 29.735306
filter B
1937.53 16.010 0.007
1938.52 15.927 0.007
1942.53 15.779 0.007
1946.49 15.852 0.007
1947.47 15.893 0.007
1959.48 16.830 0.014
1964.46 17.367 0.009
1966.46 17.555 0.011
filter V
1937.53 16.017 0.007
1938.52 15.931 0.006
1942.53 15.765 0.006
1946.49 15.767 0.006
1947.47 15.776 0.007
1959.48 16.339 0.010
1964.46 16.626 0.007
1966.46 16.728 0.007
filter r
1937.53 16.062 0.006
1938.52 15.980 0.007
1942.53 15.796 0.006
1946.49 15.752 0.006
1947.47 15.762 0.006
1959.48 16.377 0.007
1964.46 16.469 0.007
1966.46 16.499 0.006
filter i
1937.53 16.356 0.007
1938.52 16.317 0.008
1942.53 16.357 0.007
1946.49 16.448 0.008
1947.47 16.469 0.008
1959.48 17.050 0.011
1964.46 16.974 0.010
1966.46 16.945 0.010
