SN2007cg 0.033200 201.389917 -24.652250
filter B
1235.63 18.838 0.021
1239.64 19.136 0.023
1243.66 19.573 0.030
1246.61 19.825 0.061
filter V
1235.63 17.960 0.014
1239.64 18.155 0.014
1241.61 18.329 0.017
1243.66 18.448 0.015
1246.61 18.591 0.027
1255.66 19.015 0.027
1256.66 19.106 0.034
1259.59 19.253 0.032
filter r
1235.63 17.660 0.013
1239.64 17.881 0.010
1243.66 18.121 0.013
1246.61 18.160 0.022
1255.66 18.308 0.016
1256.66 18.358 0.017
1259.59 18.477 0.015
filter i
1235.63 18.036 0.017
1239.64 18.305 0.017
1243.66 18.577 0.023
1246.61 18.481 0.043
1255.66 18.345 0.021
1256.66 18.298 0.022
1259.59 18.306 0.020
