SN2006hx 0.045500 18.488792 0.371667
filter B
1012.66 18.365 0.044
1013.66 18.297 0.028
1028.73 17.872 0.015
1036.70 18.644 0.018
1038.66 18.845 0.028
1040.67 19.133 0.033
1052.70 20.066 0.062
1060.60 20.846 0.093
filter V
1012.66 18.202 0.036
1013.66 18.040 0.020
1028.73 17.631 0.012
1036.70 18.034 0.015
1038.66 18.157 0.017
1040.67 18.400 0.033
1049.63 19.007 0.041
1052.70 19.102 0.026
1060.60 19.474 0.038
filter r
1013.66 18.386 0.034
1028.73 17.579 0.018
1036.70 18.004 0.017
1038.66 18.040 0.018
1040.67 18.103 0.026
1049.63 18.516 0.044
1052.70 18.681 0.034
1060.60 18.912 0.038
1066.68 19.338 0.049
1080.59 19.869 0.061
filter i
1013.66 18.093 0.027
1028.73 18.005 0.032
1036.70 18.416 0.045
1038.66 18.574 0.036
1040.67 18.524 0.040
1052.70 18.468 0.030
1060.60 18.967 0.028
1066.68 19.152 0.057
