SN2007so 0.029700 41.929708 13.254111
filter B
1449.68 18.771 0.013
1453.60 19.291 0.035
1457.60 19.624 0.099
1458.58 19.783 0.088
1462.56 19.950 0.031
1464.60 20.067 0.034
1467.61 20.183 0.040
filter V
1449.68 17.865 0.011
1453.60 18.211 0.017
1457.60 18.583 0.035
1458.58 18.673 0.031
1462.56 18.804 0.017
1464.60 18.911 0.018
1467.61 18.952 0.017
1469.55 19.043 0.018
filter r
1449.68 17.488 0.009
1453.60 17.758 0.011
1457.60 18.059 0.018
1458.58 18.158 0.014
1462.56 18.335 0.011
1464.60 18.407 0.011
1467.61 18.494 0.012
1469.55 18.580 0.014
filter i
1449.68 17.471 0.010
1453.60 17.538 0.011
1457.60 17.839 0.016
1458.58 17.922 0.016
1462.56 18.134 0.012
1464.60 18.214 0.013
1467.61 18.392 0.017
1469.55 18.441 0.016
