SN2006br 0.024600 202.507500 13.415778
filter B
 858.69 19.436 0.029
 861.68 19.731 0.024
 862.65 19.796 0.027
 866.65 20.131 0.073
 871.66 20.838 0.129
 872.69 20.916 0.129
 890.61 21.729 0.152
filter V
 858.69 18.385 0.019
 861.68 18.541 0.017
 862.65 18.605 0.017
 866.65 18.831 0.028
 867.68 18.977 0.042
 870.71 19.040 0.045
 871.66 19.149 0.028
 872.69 19.201 0.029
filter r
 858.69 17.911 0.018
 861.68 18.215 0.012
 862.65 18.297 0.013
 866.65 18.471 0.016
 867.68 18.478 0.022
 870.71 18.536 0.021
 871.66 18.523 0.015
 872.69 18.514 0.021
 890.61 19.566 0.026
 891.66 19.573 0.038
filter i
 858.69 18.122 0.035
 861.68 18.579 0.018
 862.65 18.672 0.022
 866.65 18.729 0.022
 867.68 18.720 0.028
 870.71 18.535 0.025
 871.66 18.489 0.019
 872.69 18.471 0.017
 890.61 19.360 0.033
 891.66 19.424 0.049
