SN2007ol 0.055900 24.348750 -0.312000
filter B
1409.79 18.212 0.019
1411.66 18.174 0.017
1413.71 18.163 0.014
1417.68 18.359 0.015
1418.72 18.399 0.026
1421.67 18.817 0.027
1422.66 18.841 0.027
filter V
1409.79 18.379 0.038
1411.66 18.151 0.030
1413.71 18.086 0.017
1417.68 18.263 0.056
1418.72 18.308 0.053
1421.67 18.537 0.042
1422.66 18.420 0.053
filter r
1409.79 18.483 0.081
1411.66 18.177 0.034
1413.71 18.172 0.033
1417.68 18.151 0.056
1418.72 18.220 0.079
1421.67 18.341 0.033
1422.66 18.454 0.044
filter i
