SN2007A 0.017700 6.319417 12.886806
filter B
1108.54 16.076 0.014
1110.55 16.024 0.011
1112.54 15.963 0.009
1119.53 16.177 0.006
1121.54 16.310 0.007
1123.53 16.444 0.013
1127.53 16.786 0.017
1131.53 17.236 0.040
filter V
1108.54 15.945 0.007
1110.55 15.829 0.007
1112.54 15.743 0.009
1119.53 15.847 0.005
1121.54 15.906 0.006
1127.53 16.275 0.013
1131.53 16.530 0.019
1133.53 16.583 0.017
filter r
1108.54 15.857 0.006
1110.55 15.749 0.007
1112.54 15.685 0.006
1119.53 15.778 0.006
1121.54 15.868 0.006
1123.53 16.026 0.008
1128.53 16.344 0.009
1133.53 16.437 0.013
filter i
1108.54 16.077 0.007
1110.55 16.051 0.014
1112.54 16.108 0.007
1119.53 16.350 0.009
1121.54 16.486 0.009
1123.53 16.644 0.013
1127.53 16.937 0.015
1128.53 16.959 0.016
1131.53 16.939 0.013
1133.53 16.878 0.017
