SN2009J 0.015800 88.838042 -76.922444
filter B
1848.70 18.866 0.020
1855.74 20.012 0.034
1856.70 20.148 0.043
1858.70 20.284 0.068
1859.73 20.546 0.056
1867.68 21.159 0.127
filter V
1848.70 18.657 0.018
1855.74 19.155 0.017
1856.70 19.270 0.022
1858.70 19.391 0.029
1859.73 19.552 0.028
1866.66 19.912 0.045
1867.68 20.040 0.059
filter r
1848.70 18.645 0.014
1855.74 18.818 0.014
1856.70 18.879 0.014
1858.70 19.020 0.017
1859.73 19.071 0.019
1866.66 19.508 0.022
1867.68 19.514 0.032
filter i
1848.70 18.860 0.020
1855.74 18.834 0.021
1856.70 18.829 0.024
1858.70 19.014 0.031
1859.73 19.005 0.030
1866.66 19.445 0.028
1867.68 19.389 0.033
