SN2006mr 0.005508 50.6792916666667 -37.2081
filter uCSP9844
54046.16501 16.835 0.021
54048.29948 16.645 0.021
54049.20598 16.681 0.02
54052.24351 17.114 0.023
54056.23198 18.045 0.032
54060.25838 18.598 0.052
54065.24617 18.748 0.051
54066.31424 18.85 0.042
54068.25035 18.83 0.051
54071.15779 18.917 0.053
54073.21282 19.069 0.074
54076.20914 19.057 0.066
54080.25767 19.156 0.058
54084.16336 19.325 0.063
54087.11973 19.471 0.098
54092.15775 19.521 0.081
54096.14568 19.71 0.073
54099.11396 19.977 0.118
54100.13156 19.764 0.114
filter BCSP9844
54046.16501 16.058 0.011
54048.29948 15.577 0.006
54049.20598 15.461 0.012
54052.24351 15.517 0.012
54056.23198 16.223 0.009
54060.25838 16.84 0.025
54065.24617 17.222 0.027
54066.31424 17.268 0.029
54068.25035 17.398 0.027
54071.15779 17.527 0.025
54073.21282 17.598 0.019
54076.20914 17.715 0.022
54080.25767 17.829 0.022
54084.16336 17.957 0.043
54087.11973 18.05 0.044
54092.15775 18.211 0.061
54096.14568 18.317 0.039
54099.11396 18.411 0.024
54100.13156 18.436 0.04
54104.21454 18.452 0.033
54106.14052 18.581 0.03
54108.14292 18.64 0.065
54110.08657 18.715 0.08
54118.16719 18.816 0.039
54123.11705 19.089 0.048
54127.17801 19.204 0.045
54130.05575 19.485 0.178
54133.09138 19.373 0.067
54136.1166 19.126 0.066
54143.05057 19.663 0.102
54147.05626 19.915 0.084
filter VCSP9844
54046.16501 15.559 0.011
54048.29948 15.001 0.006
54049.20598 14.833 0.014
54052.24351 14.624 0.01
54056.23198 14.928 0.006
54060.25838 15.429 0.024
54065.24617 15.917 0.022
54066.31424 15.998 0.015
54068.25035 16.116 0.021
54071.15779 16.311 0.019
54073.21282 16.435 0.013
54076.20914 16.587 0.016
54080.25767 16.793 0.014
54084.16336 16.958 0.021
54087.11973 17.059 0.044
54092.15775 17.276 0.043
54096.14568 17.453 0.029
54099.11396 17.591 0.016
54100.13156 17.593 0.033
54104.21454 17.716 0.02
54106.14052 17.804 0.022
54108.14292 17.886 0.051
54110.08657 18.035 0.063
54118.16719 18.28 0.032
54123.11705 18.481 0.058
54127.17801 18.705 0.057
54130.05575 18.852 0.06
54133.09138 18.913 0.068
54136.1166 18.945 0.056
54143.05057 19.221 0.131
54147.05626 19.424 0.087
filter gCSP9844
54046.16501 15.807 0.007
54048.29948 15.271 0.005
54049.20598 15.121 0.008
54052.24351 15.067 0.012
54056.23198 15.649 0.006
54060.25838 16.256 0.014
54065.24617 16.671 0.016
54066.31424 16.712 0.012
54068.25035 16.832 0.016
54071.15779 16.964 0.014
54073.21282 17.038 0.011
54076.20914 17.158 0.01
54080.25767 17.28 0.012
54084.16336 17.487 0.023
54087.11973 17.551 0.031
54092.15775 17.804 0.046
54096.14568 17.887 0.019
54099.11396 17.972 0.015
54100.13156 17.923 0.013
54104.21454 18.066 0.018
54106.14052 18.11 0.016
54108.14292 18.221 0.026
54110.08657 18.247 0.029
54118.16719 18.547 0.025
54123.11705 18.664 0.027
54127.17801 18.87 0.033
54130.05575 18.938 0.033
54133.09138 18.936 0.035
54136.1166 19.101 0.034
54143.05057 19.448 0.065
54147.05626 19.749 0.069
filter rCSP9844
54046.16501 15.473 0.007
54048.29948 14.881 0.004
54049.20598 14.702 0.013
54052.24351 14.411 0.016
54056.23198 14.497 0.008
54060.25838 14.901 0.014
54065.24617 15.471 0.011
54066.31424 15.572 0.009
54068.25035 15.723 0.016
54071.15779 15.964 0.013
54073.21282 16.111 0.009
54076.20914 16.309 0.009
54080.25767 16.569 0.011
54084.16336 16.822 0.013
54087.11973 16.973 0.026
54092.15775 17.26 0.029
54096.14568 17.58 0.029
54099.11396 17.698 0.018
54100.13156 17.76 0.021
54104.21454 17.987 0.024
54106.14052 18.118 0.024
54108.14292 18.182 0.037
54110.08657 18.316 0.062
54118.16719 18.923 0.063
54123.11705 18.919 0.055
54127.17801 19.125 0.083
54130.05575 19.418 0.084
54133.09138 19.637 0.095
54136.1166 19.566 0.079
54143.05057 19.952 0.114
54147.05626 20.198 0.127
filter iCSP9844
54046.16501 15.473 0.008
54048.29948 14.95 0.006
54049.20598 14.808 0.011
54052.24351 14.538 0.013
54056.23198 14.529 0.008
54060.25838 14.819 0.015
54065.24617 15.321 0.013
54066.31424 15.431 0.009
54068.25035 15.56 0.014
54071.15779 15.815 0.018
54073.21282 15.943 0.012
54076.20914 16.147 0.016
54080.25767 16.382 0.011
54084.16336 16.575 0.012
54087.11973 16.711 0.025
54092.15775 16.959 0.028
54096.14568 17.072 0.021
54099.11396 17.18 0.018
54100.13156 17.242 0.014
54104.21454 17.355 0.022
54106.14052 17.429 0.021
54108.14292 17.497 0.035
54110.08657 17.556 0.033
54118.16719 17.722 0.037
54123.11705 17.878 0.038
54130.05575 18.109 0.039
54133.09138 18.187 0.039
54136.1166 18.258 0.044
54143.05057 18.493 0.058
54147.05626 18.731 0.061
filter YCSP9844
54047.17675 14.747 0.009
54049.20598 14.444 0.005
54053.28772 14.044 0.01
54057.12991 14 0.006
54063.27273 14.309 0.018
54067.2856 14.656 0.016
54070.27655 14.988 0.013
54072.22051 15.159 0.022
54073.21282 15.309 0.007
54077.2498 15.573 0.016
54082.23068 15.957 0.02
54086.20927 16.182 0.02
54090.11471 16.378 0.022
54093.18824 16.523 0.019
54098.18501 16.76 0.023
54103.20149 16.915 0.024
54107.09934 17.098 0.031
54109.1661 17.093 0.031
54111.2058 17.261 0.03
54114.16843 17.312 0.057
54128.09281 18.152 0.023
54137.07008 18.489 0.029
filter JCSP9844
54047.17675 14.687 0.024
54049.20598 14.312 0.017
54053.28772 13.98 0.017
54057.12991 14.131 0.01
54063.27273 14.796 0.016
54067.2856 15.518 0.019
54070.27655 15.97 0.022
54072.22051 16.272 0.026
54073.21282 16.306 0.014
54077.2498 16.833 0.043
54082.23068 17.4 0.087
54086.20927 17.779 0.107
54137.07008 20.37 0.129
filter HCSP9844
54047.17675 14.597 0.022
54049.20598 14.176 0.034
54053.28772 13.901 0.006
54057.12991 13.907 0.019
54063.27273 14.434 0.014
54067.2856 14.955 0.016
54070.27655 15.399 0.027
54072.22051 15.543 0.025
54073.21282 15.646 0.021
54077.2498 16.043 0.046
54082.23068 16.351 0.061
54086.20927 16.619 0.076
54090.11471 16.898 0.057
54093.18824 17.027 0.073
54103.20149 17.578 0.115
54107.09934 17.704 0.123
54111.2058 18.141 0.271
54120.10616 18.624 0.379
54128.09281 18.895 0.095
54137.07008 19.168 0.144
