SN2005eq 0.028351 47.2055 -7.03325
filter uCSP3014
53650.28575 16.936 0.011
53655.26485 17.063 0.013
53658.2 17.204 0.014
53659.17348 17.33 0.022
53662.25181 17.518 0.021
53663.22112 17.598 0.018
53665.19651 17.877 0.016
53666.25211 17.978 0.015
53669.21862 18.34 0.019
53671.26109 18.633 0.021
53673.26505 18.87 0.022
53675.22876 19.197 0.028
53683.22557 19.902 0.047
53687.24087 20.112 0.086
53694.21653 20.609 0.12
53698.16075 20.568 0.101
53699.19015 20.639 0.064
53707.24095 20.795 0.169
53712.16484 21.008 0.104
filter BCSP3014
53650.28575 16.607 0.008
53655.26485 16.576 0.009
53658.2 16.651 0.01
53659.17348 16.679 0.009
53662.25181 16.795 0.009
53663.22112 16.867 0.009
53665.19651 16.999 0.008
53666.25211 17.078 0.007
53669.21862 17.36 0.008
53671.26109 17.563 0.011
53673.26505 17.788 0.011
53675.22876 17.998 0.013
53682.27586 18.648 0.039
53683.22557 18.709 0.017
53687.24087 18.919 0.025
53694.21653 19.348 0.03
53698.16075 19.484 0.023
53699.19015 19.512 0.029
53707.24095 19.717 0.031
53712.16484 19.736 0.031
53721.12859 19.78 0.07
53726.18178 19.847 0.057
53730.18558 19.987 0.031
53737.1494 20.095 0.043
53741.1163 20.105 0.054
53746.13911 20.102 0.076
53751.15038 20.109 0.096
filter VCSP3014
53650.28575 16.521 0.006
53655.26485 16.463 0.008
53658.2 16.491 0.008
53659.17348 16.514 0.009
53662.25181 16.589 0.011
53663.22112 16.639 0.009
53665.19651 16.736 0.008
53666.25211 16.776 0.008
53669.21862 16.948 0.007
53671.26109 17.071 0.009
53673.26505 17.167 0.01
53675.22876 17.271 0.013
53682.27586 17.652 0.042
53683.22557 17.693 0.012
53687.24087 17.868 0.018
53694.21653 18.275 0.016
53698.16075 18.469 0.016
53699.19015 18.526 0.018
53707.24095 18.774 0.021
53712.16484 18.879 0.019
53721.12859 19.071 0.038
53726.18178 19.26 0.028
53730.18558 19.261 0.027
53737.1494 19.457 0.031
53741.1163 19.524 0.03
53746.13911 19.679 0.055
53751.15038 19.664 0.071
filter gCSP3014
53650.28575 16.487 0.006
53655.26485 16.45 0.006
53658.2 16.505 0.006
53659.17348 16.539 0.009
53662.25181 16.647 0.007
53663.22112 16.69 0.008
53665.19651 16.783 0.007
53666.25211 16.849 0.007
53669.21862 17.069 0.006
53671.26109 17.255 0.007
53673.26505 17.425 0.009
53675.22876 17.597 0.01
53682.27586 18.189 0.016
53683.22557 18.242 0.011
53687.24087 18.51 0.019
53694.21653 18.906 0.02
53698.16075 19.076 0.015
53699.19015 19.093 0.015
53707.24095 19.265 0.025
53712.16484 19.378 0.021
53721.12859 19.521 0.041
53726.18178 19.554 0.02
53730.18558 19.639 0.017
53737.1494 19.736 0.018
53741.1163 19.821 0.028
53746.13911 19.897 0.053
53751.15038 19.965 0.075
filter rCSP3014
53650.28575 16.549 0.006
53655.26485 16.408 0.007
53658.2 16.442 0.007
53659.17348 16.468 0.007
53662.25181 16.577 0.008
53663.22112 16.627 0.009
53665.19651 16.737 0.008
53666.25211 16.795 0.009
53669.21862 16.978 0.007
53671.26109 17.048 0.008
53673.26505 17.101 0.009
53675.22876 17.145 0.01
53682.27586 17.287 0.014
53683.22557 17.298 0.01
53687.24087 17.406 0.012
53694.21653 17.823 0.015
53698.16075 18.011 0.01
53699.19015 18.08 0.014
53707.24095 18.353 0.018
53712.16484 18.493 0.013
53721.12859 18.764 0.023
53726.18178 18.898 0.019
53730.18558 19.062 0.022
53737.1494 19.192 0.02
53741.1163 19.345 0.019
53746.13911 19.459 0.031
53751.15038 19.665 0.057
filter iCSP3014
53650.28575 16.965 0.008
53655.26485 17.032 0.009
53658.2 17.113 0.01
53659.17348 17.152 0.012
53662.25181 17.256 0.011
53663.22112 17.355 0.013
53665.19651 17.471 0.014
53666.25211 17.562 0.014
53669.21862 17.743 0.01
53671.26109 17.786 0.011
53673.26505 17.791 0.014
53675.22876 17.733 0.016
53682.27586 17.659 0.031
53683.22557 17.629 0.014
53687.24087 17.6 0.016
53694.21653 17.946 0.017
53698.16075 18.142 0.013
53699.19015 18.255 0.016
53707.24095 18.592 0.032
53712.16484 18.827 0.02
53721.12859 19.156 0.033
53726.18178 19.337 0.035
53730.18558 19.544 0.042
53737.1494 19.617 0.043
53741.1163 19.756 0.042
53746.13911 19.965 0.058
53751.15038 20.082 0.075
filter YCSP3014
53647.33661 16.902 0.018
53648.21448 16.902 0.044
53653.26196 17.221 0.024
53656.23829 17.374 0.019
53660.22579 17.652 0.023
53664.20271 17.772 0.018
53668.25969 17.78 0.025
53672.28516 17.575 0.032
53677.29117 17.278 0.021
53680.25868 17.103 0.028
53686.29099 16.922 0.026
53692.21377 16.781 0.014
53701.19045 17.276 0.022
53705.18002 17.535 0.043
53710.18726 17.722 0.052
filter JCSP3014
53647.33661 16.808 0.035
53648.21448 16.815 0.026
53653.26196 16.913 0.024
53656.23829 17.068 0.034
53660.22579 17.272 0.03
53664.20271 17.869 0.043
53668.25969 18.273 0.079
53672.28516 18.365 0.099
53677.29117 18.259 0.093
53680.25868 18.348 0.101
53686.29099 17.928 0.057
53692.21377 17.844 0.089
53701.19045 18.583 0.088
53705.18002 18.646 0.088
53710.18726 18.847 0.146
filter HCSP3014
53648.21448 17.021 0.028
53653.26196 17.174 0.029
53656.23829 17.313 0.042
53660.22579 17.388 0.061
53664.20271 17.499 0.052
53668.25969 17.708 0.071
53672.28516 17.616 0.077
53677.29117 17.294 0.077
53680.25868 17.257 0.067
53692.21377 17.35 0.054
filter KCSP3014
53653.26196 16.505 0.029
