SN2006D 0.009641 193.141 -9.77521944444445
filter u
53751.33112 15.265 0.013
53752.36057 15.118 0.016
53754.25535 15.017 0.013
53760.28859 15.299 0.01
53761.29549 15.42 0.01
53762.30101 15.532 0.011
53763.29609 15.634 0.013
53764.34084 15.791 0.012
53765.3248 15.919 0.012
53772.30865 16.954 0.013
53773.22236 17.076 0.011
53774.32565 17.236 0.014
53778.37725 17.69 0.019
53781.23803 17.925 0.032
53783.23401 18.033 0.037
53785.33137 18.084 0.024
53786.37192 18.147 0.034
53790.31448 18.358 0.022
53795.34324 18.552 0.027
53798.30986 18.542 0.048
53799.31014 18.648 0.028
53802.30953 18.73 0.027
53804.35137 18.714 0.033
53805.30367 18.752 0.029
53815.23892 18.962 0.033
53818.30872 19.096 0.026
53819.29685 19.093 0.021
53824.26696 19.215 0.026
53828.3422 19.356 0.023
53831.22915 19.438 0.027
53835.24086 19.543 0.048
53840.17409 19.616 0.068
filter B
53751.33112 14.754 0.006
53752.36057 14.606 0.005
53754.25535 14.421 0.006
53760.28859 14.406 0.006
53761.29549 14.475 0.005
53762.30101 14.562 0.005
53763.29609 14.652 0.006
53764.34084 14.761 0.006
53765.3248 14.864 0.006
53767.34671 15.084 0.004
53772.30865 15.73 0.006
53773.22236 15.842 0.004
53774.32565 15.982 0.006
53778.37725 16.433 0.009
53785.33137 16.97 0.009
53786.37192 17.03 0.01
53788.36824 17.142 0.007
53790.31448 17.225 0.009
53795.34324 17.43 0.011
53798.30986 17.483 0.01
53799.31014 17.49 0.01
53802.30953 17.558 0.011
53804.35137 17.613 0.011
53805.30367 17.625 0.011
53809.25089 17.683 0.021
53815.23892 17.803 0.014
53818.30872 17.852 0.014
53819.29685 17.896 0.011
53824.26696 17.957 0.009
53828.3422 18.047 0.006
53831.22915 18.103 0.011
53835.24086 18.159 0.013
53840.17409 18.252 0.017
53845.17972 18.288 0.013
53850.18673 18.393 0.013
53858.12213 18.539 0.015
53861.11803 18.588 0.016
53862.18779 18.599 0.016
53870.15149 18.758 0.032
filter V
53751.33112 14.702 0.006
53752.36057 14.55 0.005
53754.25535 14.343 0.006
53760.28859 14.207 0.006
53761.29549 14.23 0.005
53762.30101 14.262 0.006
53763.29609 14.311 0.006
53764.34084 14.371 0.006
53765.3248 14.424 0.006
53767.34671 14.57 0.004
53772.30865 14.949 0.004
53773.22236 15.021 0.004
53774.32565 15.102 0.006
53778.37725 15.401 0.007
53781.23803 15.585 0.017
53783.23401 15.723 0.01
53785.33137 15.891 0.007
53786.37192 15.971 0.006
53788.36824 16.12 0.008
53790.31448 16.21 0.008
53795.34324 16.432 0.007
53798.30986 16.523 0.008
53799.31014 16.565 0.007
53802.30953 16.665 0.009
53804.35137 16.713 0.008
53805.30367 16.745 0.008
53809.25089 16.849 0.014
53815.23892 17.011 0.009
53818.30872 17.11 0.009
53819.29685 17.136 0.009
53824.26696 17.281 0.007
53828.3422 17.387 0.004
53831.22915 17.467 0.009
53835.24086 17.564 0.01
53840.17409 17.662 0.014
53845.17972 17.804 0.009
53850.18673 17.936 0.012
53858.12213 18.145 0.015
53861.11803 18.228 0.01
53862.18779 18.249 0.012
53870.15149 18.398 0.018
filter g
53751.33112 14.664 0.007
53752.36057 14.502 0.004
53754.25535 14.317 0.005
53760.28859 14.263 0.009
53761.29549 14.307 0.005
53762.30101 14.375 0.009
53763.29609 14.433 0.006
53764.34084 14.517 0.008
53765.3248 14.588 0.006
53767.34671 14.76 0.004
53771.27543 15.167 0.004
53772.30865 15.281 0.004
53773.22236 15.389 0.004
53774.32565 15.519 0.005
53778.37725 15.943 0.006
53781.23803 16.211 0.009
53783.23401 16.362 0.009
53785.33137 16.522 0.007
53786.37192 16.585 0.009
53788.36824 16.694 0.007
53790.31448 16.797 0.008
53795.34324 16.96 0.006
53798.30986 17.046 0.007
53799.31014 17.078 0.006
53802.30953 17.148 0.008
53804.35137 17.19 0.006
53805.30367 17.21 0.007
53809.25089 17.279 0.013
53815.23892 17.416 0.009
53818.30872 17.464 0.009
53819.29685 17.49 0.008
53824.26696 17.585 0.007
53828.3422 17.65 0.004
53831.22915 17.701 0.007
53835.24086 17.776 0.01
53840.17409 17.836 0.011
53845.17972 17.938 0.008
53850.18673 18.05 0.01
53858.12213 18.193 0.011
53861.11803 18.234 0.01
53862.18779 18.283 0.01
53870.15149 18.412 0.017
filter r
53751.33112 14.639 0.007
53752.36057 14.473 0.004
53754.25535 14.294 0.005
53760.28859 14.203 0.009
53761.29549 14.225 0.006
53762.30101 14.284 0.01
53763.29609 14.339 0.006
53764.34084 14.435 0.01
53765.3248 14.515 0.006
53767.34671 14.685 0.004
53771.27543 14.907 0.004
53772.30865 14.933 0.004
53773.22236 14.967 0.004
53774.32565 14.986 0.006
53778.37725 15.11 0.007
53781.23803 15.253 0.006
53783.23401 15.392 0.009
53785.33137 15.574 0.007
53786.37192 15.67 0.007
53788.36824 15.828 0.008
53790.31448 15.95 0.006
53795.34324 16.216 0.006
53798.30986 16.335 0.008
53799.31014 16.383 0.007
53802.30953 16.5 0.008
53804.35137 16.58 0.006
53805.30367 16.613 0.007
53809.25089 16.755 0.012
53815.23892 16.976 0.008
53818.30872 17.086 0.009
53819.29685 17.114 0.009
53824.26696 17.302 0.007
53828.3422 17.47 0.004
53831.22915 17.559 0.011
53835.24086 17.706 0.009
53840.17409 17.875 0.013
53845.17972 18.027 0.009
53850.18673 18.228 0.012
53858.12213 18.48 0.014
53861.11803 18.532 0.012
53862.18779 18.607 0.013
53870.15149 18.859 0.02
filter i
53751.33112 14.822 0.008
53752.36057 14.685 0.005
53754.25535 14.574 0.005
53760.28859 14.841 0.007
53761.29549 14.897 0.006
53762.30101 14.958 0.008
53763.29609 15.048 0.008
53764.34084 15.171 0.008
53765.3248 15.28 0.009
53767.34671 15.474 0.005
53771.27543 15.537 0.006
53772.30865 15.502 0.006
53773.22236 15.47 0.005
53774.32565 15.442 0.008
53778.37725 15.375 0.008
53781.23803 15.361 0.009
53783.23401 15.431 0.009
53785.33137 15.607 0.011
53786.37192 15.692 0.01
53788.36824 15.879 0.009
53790.31448 16.003 0.007
53795.34324 16.308 0.007
53798.30986 16.444 0.01
53799.31014 16.501 0.007
53802.30953 16.645 0.011
53804.35137 16.729 0.009
53805.30367 16.786 0.008
53809.25089 16.926 0.014
53815.23892 17.19 0.011
53818.30872 17.3 0.012
53819.29685 17.354 0.01
53824.26696 17.546 0.009
53828.3422 17.684 0.005
53831.22915 17.794 0.014
53835.24086 17.94 0.013
53840.17409 18.087 0.019
53845.17972 18.222 0.016
53850.18673 18.428 0.016
53858.12213 18.662 0.015
53861.11803 18.731 0.019
53862.18779 18.768 0.019
53870.15149 18.973 0.028
filter Y
53753.37128 14.459 0.006
53756.36561 14.565 0.006
53758.36933 14.764 0.005
53773.22236 15.233 0.013
53776.3584 14.993 0.011
53779.39309 14.829 0.016
53782.36039 14.683 0.012
53786.37192 14.808 0.004
53789.33892 15 0.01
53796.34628 15.447 0.013
53800.35524 15.708 0.018
53803.37611 15.876 0.022
53807.27726 16.124 0.018
53813.28595 16.438 0.019
53817.3623 16.657 0.019
53835.24086 17.537 0.013
53845.17972 17.944 0.017
filter J
53753.37128 14.395 0.006
53756.36561 14.421 0.007
53758.36933 14.622 0.005
53773.22236 16.121 0.006
53776.3584 16.04 0.026
53779.39309 15.921 0.025
53782.36039 15.836 0.023
53786.37192 15.959 0.005
53789.33892 16.338 0.019
53796.34628 16.988 0.021
53803.37611 17.62 0.076
53807.27726 17.887 0.085
53813.28595 18.216 0.052
53817.3623 18.576 0.104
53835.24086 19.646 0.075
53845.17972 19.913 0.095
filter H
53753.37128 14.533 0.007
53756.36561 14.597 0.008
53758.36933 14.85 0.007
53773.22236 14.944 0.005
53776.3584 14.904 0.013
53779.39309 14.892 0.02
53786.37192 15.239 0.005
53789.33892 15.485 0.043
53796.34628 15.888 0.018
53800.35524 16.077 0.022
53803.37611 16.295 0.043
53807.27726 16.459 0.037
53813.28595 16.688 0.03
53817.3623 16.97 0.086
53835.24086 17.791 0.029
53845.17972 18.392 0.053
filter K
53753.37128 14.538 0.015
53756.36561 14.532 0.015
53758.36933 14.665 0.014
53773.22236 14.922 0.01
53835.24086 17.713 0.061
53845.17972 17.868 0.126
