SN2006bd 0.026797 174.619 20.5262
filter BCSP9844
53828.06176 19.283 0.027
53831.16236 19.807 0.031
53833.17003 20.131 0.067
53834.1571 20.294 0.099
53841.13615 20.923 0.126
53845.10369 21.029 0.047
53866.08128 21.828 0.351
53872.06069 21.625 0.146
53891.01644 22.107 0.236
filter VCSP9844
53828.06176 18.233 0.066
53831.16236 18.554 0.015
53833.17003 18.794 0.024
53834.1571 18.875 0.026
53841.13615 19.46 0.051
53845.10369 19.868 0.029
53866.08128 20.494 0.102
53872.06069 20.708 0.078
53891.01644 21.679 0.285
filter gCSP9844
53828.06176 18.616 0.079
53831.16236 19.283 0.02
53833.17003 19.611 0.034
53834.1571 19.703 0.042
53841.13615 20.283 0.057
53845.10369 20.552 0.025
53866.08128 20.913 0.128
53872.06069 21.319 0.08
53891.01644 21.53 0.114
filter rCSP9844
53828.06176 17.886 0.006
53831.16236 18.02 0.011
53833.17003 18.214 0.012
53834.1571 18.304 0.015
53841.13615 18.984 0.024
53845.10369 19.276 0.021
53866.08128 20.342 0.074
53872.06069 20.566 0.058
53891.01644 21.662 0.204
filter iCSP9844
53828.06176 17.977 0.007
53831.16236 18.074 0.016
53833.17003 18.172 0.014
53834.1571 18.203 0.016
53841.13615 18.813 0.023
53845.10369 19.157 0.029
53866.08128 20.294 0.08
53872.06069 20.45 0.08
53891.01644 21.277 0.225
filter YCSP9844
53822.24603 18 0.08
53830.17947 17.514 0.022
53833.17003 17.593 0.026
53846.12516 18.244 0.021
filter JCSP9844
53822.24603 18.19 0.207
53830.17947 17.819 0.051
53833.17003 17.944 0.032
53846.12516 19.148 0.086
filter HCSP9844
53822.24603 17.853 0.457
53833.17003 17.722 0.036
53846.12516 18.753 0.083
