SN2007A 0.016463 6.31941666666667 12.8868
filter u
54108.02776 16.528 0.012
54112.02442 16.455 0.015
54123.0239 17.366 0.038
filter B
54108.02776 16.096 0.013
54110.03096 16.039 0.011
54112.02442 15.967 0.008
54119.02593 16.178 0.007
54121.03027 16.309 0.007
54127.02706 16.788 0.017
54131.02397 17.327 0.043
filter V
54108.02776 15.946 0.007
54110.03096 15.828 0.007
54112.02442 15.726 0.008
54119.02593 15.841 0.005
54121.03027 15.904 0.006
54127.02706 16.268 0.013
54131.02397 16.516 0.019
54133.02112 16.574 0.017
filter g
54108.02776 16.017 0.01
54110.03096 15.876 0.01
54112.02442 15.821 0.008
54123.0239 16.221 0.023
54128.02508 16.58 0.019
54133.02112 16.992 0.033
filter r
54108.02776 15.883 0.008
54110.03096 15.795 0.008
54112.02442 15.722 0.006
54119.02593 15.817 0.007
54121.03027 15.901 0.008
54123.0239 16.06 0.009
54128.02508 16.399 0.01
54133.02112 16.489 0.013
filter i
54108.02776 16.098 0.007
54110.03096 16.073 0.014
54112.02442 16.125 0.008
54119.02593 16.366 0.009
54121.03027 16.5 0.009
54123.0239 16.678 0.013
54127.02706 16.962 0.015
54128.02508 16.988 0.016
54133.02112 16.909 0.018
filter Y
54107.02522 15.873 0.012
54109.03208 15.835 0.02
54111.03859 15.955 0.012
54115.03406 16.355 0.016
54120.02121 16.668 0.043
54122.02237 16.842 0.061
54124.02031 16.929 0.061
54126.02816 16.901 0.051
54132.02012 16.63 0.072
filter J
54107.02522 15.738 0.018
54109.03208 15.643 0.02
54115.03406 15.995 0.058
54120.02121 16.498 0.052
54124.02031 17.154 0.084
filter H
54111.03859 16.018 0.05
54122.02237 16.649 0.218
54129.033 16.24 0.146
