SN2005ke 0.004483 53.7680833333333 -24.9441
filter uCSP3014
53689.17603 17.477 0.025
53690.25623 16.912 0.016
53694.25046 16.278 0.012
53695.21153 16.235 0.013
53698.21365 16.178 0.011
53699.21282 16.221 0.014
53702.20325 16.559 0.014
53703.26363 16.712 0.015
53706.21204 17.249 0.018
53707.316 17.453 0.022
53712.20721 18.061 0.025
53713.17412 18.121 0.027
53716.15477 18.233 0.034
53720.17648 18.367 0.038
53721.13244 18.435 0.037
53725.21565 18.5 0.034
53730.21307 18.659 0.035
53736.16752 18.832 0.041
53737.16767 18.863 0.041
53741.13992 19.019 0.053
53746.16714 19.206 0.055
53750.10468 19.152 0.062
53755.0946 19.378 0.051
53761.18781 19.623 0.081
53763.07936 19.719 0.062
53764.09666 19.735 0.081
53765.07773 19.793 0.058
53771.06299 19.937 0.073
53773.06804 20.118 0.094
53774.91269 20.175 0.128
53778.0562 20.305 0.158
53784.01455 20.236 0.076
53786.01684 20.453 0.107
53798.03147 20.819 0.135
53818.99323 21.253 0.198
53967.37067 22.41 0.194
filter BCSP3014
53689.17603 16.629 0.012
53690.25623 16.139 0.01
53694.25046 15.209 0.008
53695.21153 15.095 0.008
53698.21365 14.893 0.006
53699.21282 14.919 0.011
53702.20325 15.116 0.011
53703.26363 15.289 0.013
53706.21204 15.75 0.014
53707.316 15.917 0.008
53712.20721 16.568 0.011
53713.17412 16.631 0.013
53716.15477 16.838 0.008
53720.17648 17.028 0.012
53721.13244 17.087 0.011
53725.21565 17.228 0.011
53730.21307 17.369 0.011
53736.16752 17.516 0.014
53737.16767 17.551 0.013
53741.13992 17.63 0.01
53746.16714 17.744 0.017
53750.10468 17.816 0.016
53755.0946 17.93 0.015
53761.18781 18.083 0.015
53763.07936 18.096 0.016
53764.09666 18.111 0.015
53765.07773 18.138 0.02
53767.04201 18.174 0.012
53771.06299 18.249 0.016
53773.06804 18.279 0.016
53774.91269 18.331 0.021
53778.0562 18.37 0.024
53784.01455 18.507 0.016
53786.01684 18.532 0.023
53798.03147 18.804 0.023
53804.05899 18.859 0.029
53809.0347 19.043 0.082
53818.99323 19.14 0.025
53967.37067 21.375 0.072
filter VCSP3014
53689.17603 16.222 0.009
53690.25623 15.743 0.008
53694.25046 14.735 0.006
53695.21153 14.591 0.009
53698.21365 14.282 0.005
53699.21282 14.226 0.006
53702.20325 14.221 0.008
53703.26363 14.272 0.007
53706.21204 14.532 0.008
53707.316 14.673 0.009
53712.20721 15.174 0.008
53713.17412 15.268 0.007
53716.15477 15.505 0.006
53720.17648 15.794 0.01
53721.13244 15.857 0.01
53725.21565 16.084 0.008
53730.21307 16.31 0.009
53736.16752 16.519 0.009
53737.16767 16.552 0.009
53741.13992 16.7 0.008
53746.16714 16.852 0.01
53750.10468 16.961 0.01
53755.0946 17.101 0.009
53761.18781 17.297 0.01
53763.07936 17.354 0.013
53764.09666 17.393 0.012
53765.07773 17.427 0.015
53767.04201 17.47 0.009
53771.06299 17.587 0.012
53773.06804 17.646 0.015
53774.91269 17.705 0.015
53778.0562 17.79 0.018
53784.01455 17.951 0.015
53786.01684 18.056 0.016
53798.03147 18.35 0.02
53804.05899 18.489 0.025
53809.0347 18.637 0.049
53818.99323 18.961 0.028
53967.37067 21.928 0.074
filter gCSP3014
53689.17603 16.363 0.009
53690.25623 15.893 0.007
53694.25046 14.923 0.006
53695.21153 14.787 0.006
53698.21365 14.532 0.004
53699.21282 14.505 0.006
53702.20325 14.624 0.007
53703.26363 14.742 0.006
53706.21204 15.165 0.006
53707.316 15.348 0.007
53712.20721 15.971 0.006
53713.17412 16.064 0.006
53716.15477 16.284 0.006
53720.17648 16.506 0.008
53721.13244 16.554 0.007
53725.21565 16.737 0.006
53730.21307 16.896 0.006
53736.16752 17.05 0.009
53737.16767 17.069 0.008
53741.13992 17.178 0.007
53746.16714 17.297 0.01
53750.10468 17.372 0.011
53755.0946 17.485 0.008
53761.18781 17.623 0.009
53763.07936 17.662 0.013
53764.09666 17.696 0.011
53765.07773 17.716 0.01
53767.04201 17.751 0.009
53771.06299 17.811 0.011
53773.06804 17.872 0.013
53774.91269 17.961 0.013
53778.0562 18.003 0.016
53784.01455 18.102 0.012
53786.01684 18.177 0.014
53798.03147 18.438 0.016
53804.05899 18.574 0.028
53809.0347 18.724 0.038
53818.99323 18.888 0.02
53967.37067 21.593 0.051
filter rCSP3014
53689.17603 16.138 0.008
53690.25623 15.662 0.007
53694.25046 14.659 0.006
53695.21153 14.51 0.006
53698.21365 14.172 0.004
53699.21282 14.128 0.009
53702.20325 14.072 0.011
53703.26363 14.071 0.005
53706.21204 14.236 0.004
53707.316 14.31 0.004
53712.20721 14.719 0.005
53713.17412 14.809 0.006
53716.15477 15.047 0.005
53720.17648 15.41 0.008
53721.13244 15.491 0.006
53725.21565 15.771 0.006
53730.21307 16.054 0.007
53736.16752 16.345 0.007
53737.16767 16.389 0.008
53741.13992 16.58 0.007
53746.16714 16.792 0.008
53750.10468 16.964 0.009
53755.0946 17.204 0.009
53761.18781 17.47 0.009
53763.07936 17.545 0.012
53764.09666 17.591 0.013
53765.07773 17.637 0.013
53767.04201 17.74 0.009
53771.06299 17.895 0.013
53773.06804 17.994 0.015
53774.91269 18.061 0.015
53778.0562 18.194 0.016
53784.01455 18.451 0.018
53786.01684 18.514 0.017
53798.03147 18.968 0.019
53804.05899 19.243 0.056
53809.0347 19.369 0.048
53818.99323 19.745 0.039
53966.32461 23.027 0.182
filter iCSP3014
53689.17603 16.149 0.009
53690.25623 15.737 0.008
53694.25046 14.801 0.007
53695.21153 14.673 0.007
53698.21365 14.389 0.006
53699.21282 14.336 0.008
53702.20325 14.32 0.009
53703.26363 14.326 0.006
53706.21204 14.413 0.01
53707.316 14.459 0.005
53712.20721 14.698 0.006
53713.17412 14.773 0.007
53716.15477 14.979 0.006
53720.17648 15.333 0.008
53721.13244 15.427 0.007
53725.21565 15.727 0.006
53730.21307 16.015 0.009
53736.16752 16.308 0.008
53737.16767 16.356 0.01
53741.13992 16.536 0.008
53746.16714 16.741 0.011
53750.10468 16.901 0.009
53755.0946 17.091 0.009
53761.18781 17.308 0.011
53763.07936 17.353 0.013
53764.09666 17.394 0.012
53765.07773 17.417 0.015
53767.04201 17.468 0.01
53771.06299 17.585 0.014
53773.06804 17.652 0.016
53774.91269 17.694 0.013
53778.0562 17.766 0.017
53784.01455 17.956 0.015
53786.01684 17.984 0.018
53798.03147 18.269 0.019
53804.05899 18.39 0.027
53809.0347 18.504 0.029
53818.99323 18.688 0.027
53967.37067 21.587 0.053
filter YCSP3014
53691.26561 15.052 0.033
53692.27453 14.857 0.01
53693.24855 14.683 0.022
53696.26039 14.261 0.013
53697.1914 14.157 0.013
53700.24403 14.03 0.011
53701.23021 14.069 0.021
53704.22178 14.078 0.027
53705.22571 14.122 0.017
53709.21249 14.119 0.01
53710.22637 14.116 0.014
53714.14316 14.201 0.014
53715.14707 14.223 0.011
53717.14826 14.278 0.01
53718.19655 14.314 0.011
53721.13244 14.497 0.014
53724.1052 14.719 0.034
53727.20847 14.929 0.016
53731.16624 15.175 0.029
53743.10591 15.838 0.006
53750.10468 16.192 0.005
53753.07108 16.265 0.013
53755.0946 16.314 0.014
53756.13774 16.471 0.006
53757.10414 16.417 0.016
53773.06804 17.119 0.01
53776.07141 17.182 0.041
53784.01455 17.416 0.045
53786.01684 17.529 0.01
53789.01486 17.537 0.024
filter JCSP3014
53691.26561 15.05 0.066
53692.27453 14.797 0.011
53693.24855 14.612 0.014
53696.26039 14.188 0.01
53697.1914 14.108 0.007
53700.24403 14.003 0.009
53701.23021 14.027 0.011
53704.22178 14.232 0.013
53705.22571 14.244 0.016
53709.21249 14.587 0.026
53710.22637 14.642 0.013
53714.14316 14.896 0.012
53715.14707 14.932 0.019
53717.14826 15.062 0.018
53718.19655 15.106 0.011
53721.13244 15.451 0.006
53724.1052 15.788 0.052
53731.16624 16.575 0.021
53743.10591 17.56 0.013
53750.10468 18.116 0.017
53753.07108 18.546 0.205
53756.13774 18.524 0.061
53757.10414 18.452 0.161
53773.06804 19.404 0.066
53776.07141 19.168 0.174
53784.01455 19.706 0.123
53786.01684 19.66 0.084
53789.01486 19.442 0.184
filter HCSP3014
53691.26561 14.948 0.05
53692.27453 14.729 0.01
53693.24855 14.53 0.008
53696.26039 14.12 0.008
53697.1914 14.044 0.013
53700.24403 13.948 0.006
53701.23021 13.956 0.009
53704.22178 13.974 0.02
53705.22571 14.031 0.01
53709.21249 14.069 0.013
53710.22637 14.136 0.013
53714.14316 14.355 0.011
53715.14707 14.398 0.013
53717.14826 14.54 0.008
53718.19655 14.64 0.008
53721.13244 14.933 0.005
53724.1052 15.168 0.018
53731.16624 15.607 0.016
53743.10591 16.304 0.008
53750.10468 16.666 0.029
53753.07108 16.701 0.069
53755.0946 16.785 0.077
53756.13774 16.96 0.029
53757.10414 16.958 0.098
53773.06804 17.727 0.034
53776.07141 17.86 0.103
53784.01455 18.253 0.081
53786.01684 18.226 0.056
53789.01486 18.002 0.289
filter KCSP3014
53721.13244 15.149 0.013
53750.10468 16.921 0.035
53753.07108 17.087 0.203
53755.0946 17.189 0.22
53756.13774 17.379 0.059
53757.10414 17.075 0.202
53784.01455 18.608 0.157
