SN2006py 0.056643 340.425 0.136916666666667
filter uCSP9844
54069.01665 18.605 0.038
54073.01406 18.86 0.065
54075.05188 19.088 0.076
54084.01659 20.138 0.185
54087.02709 20.798 0.222
filter BCSP9844
54069.01665 18.15 0.018
54073.01406 18.152 0.031
54075.05188 18.252 0.024
54080.02175 18.556 0.017
54084.01659 19.042 0.024
54087.02709 19.436 0.029
54091.02821 19.787 0.182
filter VCSP9844
54069.01665 18.002 0.018
54073.01406 18.061 0.034
54075.05188 18.052 0.016
54080.02175 18.215 0.023
54084.01659 18.533 0.019
54087.02709 18.687 0.014
filter gCSP9844
54069.01665 18.004 0.012
54073.01406 17.995 0.016
54075.05188 18.118 0.011
54080.02175 18.394 0.009
54084.01659 18.642 0.083
54087.02709 18.958 0.03
filter rCSP9844
54069.01665 17.989 0.013
54073.01406 17.966 0.015
54075.05188 17.995 0.012
54080.02175 18.193 0.01
54084.01659 18.433 0.021
54087.02709 18.576 0.015
54091.02821 18.646 0.019
filter iCSP9844
54069.01665 18.456 0.024
54073.01406 18.443 0.035
54075.05188 18.454 0.022
54080.02175 18.836 0.02
54084.01659 19.087 0.051
54087.02709 19.128 0.031
54091.02821 19.049 0.035
