SN2006ax 0.017957 171.014 -12.2914
filter u
53815.12534 17.637 0.017
53818.18473 16.321 0.013
53819.21164 16.072 0.014
53823.15933 15.612 0.013
53824.15863 15.578 0.011
53828.01412 15.641 0.009
53831.13384 15.886 0.014
53832.13708 16.017 0.013
53834.22289 16.253 0.013
53835.06483 16.331 0.014
53838.15572 16.83 0.038
53840.11692 16.978 0.018
53841.17657 17.128 0.013
53845.05674 17.663 0.013
53850.11295 18.305 0.017
53858.06043 18.906 0.022
53861.05604 19.104 0.029
53866.04514 19.219 0.041
53867.11295 19.325 0.052
53870.06329 19.382 0.049
53871.03191 19.324 0.035
filter B
53815.12534 16.74 0.009
53816.27134 16.362 0.008
53818.18473 15.88 0.009
53819.21164 15.69 0.009
53821.09793 15.438 0.004
53823.15933 15.287 0.007
53824.15863 15.213 0.006
53828.01412 15.188 0.004
53831.13384 15.285 0.008
53832.13708 15.335 0.006
53834.22289 15.468 0.007
53835.06483 15.534 0.007
53838.15572 15.809 0.011
53840.11692 15.98 0.008
53841.17657 16.102 0.007
53845.05674 16.53 0.008
53850.11295 17.078 0.007
53858.06043 17.726 0.009
53861.05604 17.862 0.012
53866.04514 18.066 0.015
53867.11295 18.14 0.02
53870.06329 18.191 0.013
53871.03191 18.215 0.013
53872.02929 18.247 0.013
53890.05429 18.545 0.016
53890.98794 18.584 0.02
53892.00372 18.607 0.011
53898.00704 18.671 0.01
filter V
53815.12534 16.752 0.01
53818.18473 15.967 0.008
53819.21164 15.783 0.009
53823.15933 15.36 0.007
53824.15863 15.287 0.006
53828.01412 15.205 0.002
53831.13384 15.255 0.008
53832.13708 15.287 0.006
53834.22289 15.365 0.006
53835.06483 15.397 0.006
53838.15572 15.567 0.006
53840.11692 15.688 0.007
53841.17657 15.74 0.006
53845.05674 15.961 0.006
53850.11295 16.251 0.005
53858.06043 16.717 0.009
53861.05604 16.884 0.008
53866.04514 17.135 0.009
53867.11295 17.193 0.011
53870.06329 17.299 0.01
53871.03191 17.327 0.011
53872.02929 17.36 0.012
53890.05429 17.842 0.011
53890.98794 17.862 0.013
53892.00372 17.88 0.006
53898.00704 18.044 0.007
filter g
53815.12534 16.655 0.008
53818.18473 15.828 0.007
53819.21164 15.637 0.007
53823.15933 15.225 0.006
53824.15863 15.162 0.005
53828.01412 15.113 0.003
53831.13384 15.189 0.009
53832.13708 15.232 0.004
53834.22289 15.347 0.006
53835.06483 15.392 0.006
53838.15572 15.602 0.007
53840.11692 15.746 0.006
53841.17657 15.838 0.006
53845.05674 16.201 0.006
53850.11295 16.653 0.007
53858.06043 17.304 0.006
53861.05604 17.481 0.008
53866.04514 17.692 0.011
53867.11295 17.752 0.012
53870.06329 17.811 0.01
53871.03191 17.848 0.008
53872.02929 17.859 0.01
53890.05429 18.209 0.011
53890.98794 18.194 0.011
53892.00372 18.221 0.006
53898.00704 18.332 0.006
filter r
53815.12534 16.8 0.01
53818.18473 15.986 0.008
53819.21164 15.808 0.008
53823.15933 15.407 0.006
53824.15863 15.345 0.006
53828.01412 15.259 0.002
53831.13384 15.304 0.009
53832.13708 15.343 0.006
53834.22289 15.439 0.006
53835.06483 15.48 0.005
53838.15572 15.708 0.006
53840.11692 15.841 0.005
53841.17657 15.884 0.006
53845.05674 16.018 0.006
53850.11295 16.071 0.006
53858.06043 16.354 0.007
53861.05604 16.528 0.007
53866.04514 16.831 0.008
53867.11295 16.881 0.009
53870.06329 17.016 0.007
53871.03191 17.046 0.007
53872.02929 17.082 0.01
53890.05429 17.705 0.009
53890.98794 17.727 0.011
53892.00372 17.755 0.004
53898.00704 17.965 0.005
filter i
53815.12534 17.075 0.01
53818.18473 16.237 0.01
53819.21164 16.068 0.01
53823.15933 15.779 0.008
53824.15863 15.772 0.007
53828.01412 15.887 0.003
53831.13384 16.001 0.009
53832.13708 16.03 0.008
53834.22289 16.155 0.009
53835.06483 16.222 0.006
53838.15572 16.493 0.008
53840.11692 16.626 0.008
53841.17657 16.675 0.008
53845.05674 16.65 0.007
53850.11295 16.522 0.007
53858.06043 16.474 0.008
53861.05604 16.616 0.007
53866.04514 16.964 0.011
53867.11295 17.012 0.01
53870.06329 17.187 0.008
53871.03191 17.227 0.009
53872.02929 17.287 0.013
53890.05429 18.009 0.012
53890.98794 18.023 0.015
53892.00372 18.059 0.007
53898.00704 18.268 0.009
filter Y
53817.26855 16.274 0.02
53820.31554 15.864 0.012
53822.20513 15.781 0.015
53826.12625 15.89 0.017
53829.15031 16.199 0.013
53830.12319 16.285 0.014
53833.13269 16.558 0.008
53835.06483 16.666 0.008
53837.21476 16.697 0.018
53839.11867 16.699 0.013
53843.14457 16.662 0.008
53845.05674 16.541 0.008
53848.13723 16.304 0.011
53851.09603 16.14 0.012
53855.08088 15.905 0.014
53860.15593 15.729 0.01
53864.07022 15.883 0.012
53868.14538 16.136 0.014
53869.06946 16.18 0.015
filter J
53817.26855 16.233 0.045
53820.31554 15.82 0.016
53822.20513 15.697 0.018
53826.12625 15.771 0.01
53829.15031 15.961 0.02
53830.12319 16.048 0.026
53833.13269 16.374 0.007
53835.06483 16.639 0.008
53837.21476 16.965 0.037
53839.11867 17.328 0.031
53843.14457 17.485 0.011
53845.05674 17.46 0.012
53848.13723 17.316 0.039
53851.09603 17.255 0.03
53855.08088 17.017 0.027
53860.15593 16.894 0.033
53864.07022 17.089 0.019
53869.06946 17.517 0.026
filter H
53817.26855 16.354 0.023
53822.20513 15.887 0.03
53826.12625 15.974 0.018
53829.15031 16.177 0.026
53830.12319 16.166 0.023
53833.13269 16.372 0.008
53835.06483 16.446 0.018
53837.21476 16.478 0.041
53839.11867 16.507 0.025
53843.14457 16.45 0.009
53845.05674 16.378 0.01
53848.13723 16.226 0.038
53851.09603 16.093 0.027
53860.15593 16.174 0.091
53864.07022 16.397 0.035
53869.06946 16.65 0.032
filter K
53833.13269 15.968 0.015
53835.06483 16.06 0.016
53843.14457 16.105 0.017
