SN2005el 0.014885 77.953 5.19428055555556
filter u
53639.35715 16.156 0.006
53641.35794 15.837 0.006
53644.34709 15.677 0.007
53655.32469 16.579 0.008
53659.27732 17.159 0.014
53663.29794 17.863 0.021
53665.32207 18.185 0.018
53666.28081 18.298 0.017
53669.31177 18.639 0.018
53671.32078 18.814 0.018
53673.30714 18.955 0.021
53675.32776 19.025 0.028
53682.31219 19.31 0.049
53683.3022 19.333 0.034
53687.26951 19.459 0.05
53689.29744 19.393 0.078
53690.31944 19.547 0.136
53694.31434 19.648 0.057
53698.2601 19.709 0.038
53699.25381 19.737 0.037
53702.24843 19.746 0.034
53712.22774 20.104 0.041
53721.20316 20.159 0.128
53730.24008 20.381 0.076
filter B
53639.35715 15.869 0.006
53641.35794 15.573 0.006
53644.34709 15.322 0.006
53655.32469 15.779 0.006
53659.27732 16.256 0.007
53663.29794 16.782 0.005
53665.32207 17.043 0.009
53666.28081 17.148 0.009
53669.31177 17.521 0.009
53671.32078 17.718 0.009
53673.30714 17.865 0.009
53675.32776 17.985 0.012
53682.31219 18.307 0.02
53683.3022 18.355 0.011
53687.26951 18.451 0.024
53689.29744 18.486 0.032
53690.31944 18.569 0.042
53694.31434 18.611 0.027
53698.2601 18.681 0.022
53699.25381 18.696 0.018
53702.24843 18.798 0.018
53712.22774 18.921 0.02
53721.20316 19.086 0.056
53730.24008 19.213 0.025
filter V
53639.35715 15.822 0.006
53641.35794 15.518 0.004
53644.34709 15.277 0.006
53655.32469 15.533 0.006
53659.27732 15.836 0.005
53663.29794 16.098 0.005
53665.32207 16.224 0.006
53666.28081 16.283 0.006
53669.31177 16.528 0.004
53671.32078 16.682 0.005
53673.30714 16.83 0.008
53675.32776 17.001 0.01
53682.31219 17.344 0.017
53683.3022 17.396 0.008
53687.26951 17.526 0.013
53689.29744 17.578 0.016
53690.31944 17.612 0.017
53694.31434 17.744 0.016
53698.2601 17.857 0.01
53699.25381 17.869 0.011
53702.24843 17.957 0.011
53712.22774 18.25 0.013
53721.20316 18.475 0.03
53730.24008 18.755 0.019
filter g
53639.35715 15.771 0.009
53641.35794 15.454 0.004
53644.34709 15.198 0.009
53655.32469 15.575 0.005
53659.27732 15.943 0.004
53663.29794 16.368 0.006
53665.32207 16.602 0.006
53666.28081 16.718 0.006
53669.31177 17.074 0.004
53671.32078 17.272 0.006
53673.30714 17.438 0.007
53675.32776 17.57 0.009
53682.31219 17.88 0.016
53683.3022 17.919 0.009
53687.26951 18.031 0.012
53689.29744 18.084 0.016
53690.31944 18.104 0.028
53694.31434 18.193 0.014
53698.2601 18.266 0.011
53699.25381 18.289 0.01
53702.24843 18.339 0.01
53712.22774 18.555 0.011
53721.20316 18.653 0.022
53730.24008 18.87 0.016
filter r
53639.35715 15.79 0.007
53641.35794 15.496 0.004
53644.34709 15.287 0.007
53655.32469 15.66 0.007
53659.27732 15.954 0.005
53663.29794 16.043 0.005
53665.32207 16.061 0.006
53666.28081 16.084 0.006
53669.31177 16.196 0.005
53671.32078 16.324 0.006
53673.30714 16.486 0.008
53675.32776 16.636 0.01
53682.31219 17.071 0.013
53683.3022 17.11 0.007
53687.26951 17.297 0.011
53689.29744 17.341 0.013
53690.31944 17.392 0.013
53694.31434 17.547 0.013
53698.2601 17.677 0.009
53699.25381 17.716 0.011
53702.24843 17.834 0.011
53712.22774 18.188 0.012
53721.20316 18.49 0.022
53730.24008 18.812 0.017
filter i
53639.35715 15.965 0.006
53641.35794 15.718 0.004
53644.34709 15.678 0.008
53650.39583 15.903 0.005
53655.32469 16.426 0.009
53659.27732 16.645 0.006
53663.29794 16.52 0.007
53665.32207 16.438 0.008
53666.28081 16.393 0.008
53669.31177 16.327 0.005
53671.32078 16.378 0.007
53673.30714 16.509 0.01
53675.32776 16.679 0.012
53682.31219 17.165 0.012
53683.3022 17.207 0.009
53687.26951 17.402 0.012
53689.29744 17.499 0.014
53690.31944 17.57 0.015
53694.31434 17.744 0.016
53698.2601 17.899 0.014
53699.25381 17.94 0.014
53702.24843 18.069 0.013
53712.22774 18.487 0.015
53721.20316 18.843 0.031
53730.24008 19.154 0.029
filter Y
53640.32772 15.622 0.006
53643.31803 15.526 0.012
53648.31276 16.015 0.015
53653.30134 16.494 0.011
53656.36178 16.572 0.012
53657.28806 16.568 0.012
53660.35284 16.453 0.011
53664.3519 16.138 0.017
53668.32441 15.758 0.015
53670.34788 15.611 0.018
53672.35086 15.579 0.009
53676.36216 15.774 0.011
53679.29559 15.969 0.01
53680.3054 16.043 0.009
53681.31701 16.125 0.005
53686.34134 16.432 0.014
53688.33413 16.526 0.028
53697.28645 17.084 0.045
53701.25722 17.331 0.031
53710.27471 17.802 0.033
53715.18554 18.032 0.033
filter J
53640.32772 15.604 0.019
53641.35794 15.492 0.007
53643.31803 15.494 0.01
53648.31276 15.842 0.031
53653.30134 16.662 0.006
53656.36178 17.361 0.062
53657.28806 17.297 0.034
53660.35284 17.337 0.04
53664.3519 17.154 0.033
53668.32441 16.806 0.031
53670.34788 16.654 0.029
53672.35086 16.636 0.036
53676.36216 17.01 0.053
53677.36027 17.183 0.031
53679.29559 17.467 0.095
53680.3054 17.404 0.053
53681.31701 17.462 0.013
53688.33413 18.231 0.091
53697.28645 18.909 0.155
53701.25722 18.976 0.166
53710.27471 19.789 0.402
53715.18554 19.785 0.461
filter H
53640.32772 15.687 0.015
53641.35794 15.616 0.009
53643.31803 15.683 0.018
53648.31276 15.933 0.058
53653.30134 16.268 0.008
53657.28806 16.366 0.03
53660.35284 16.286 0.056
53668.32441 15.896 0.022
53677.36027 16.392 0.106
53680.3054 16.64 0.055
53681.31701 16.587 0.016
53686.34134 16.839 0.05
53697.28645 17.49 0.11
53710.27471 18.426 0.35
53715.18554 18.494 0.196
filter K
53641.35794 15.572 0.015
53653.30134 15.936 0.011
53681.31701 16.646 0.032
