SN2006fw 0.081986 26.7930833333333 0.147
filter uCSP9844
54001.22319 19.987 0.034
54007.23831 20.686 0.053
54013.19451 20.935 0.217
54018.27608 21.782 0.344
filter BCSP9844
54001.22319 19.206 0.012
54007.23831 19.357 0.013
54013.19451 19.741 0.041
54018.27608 20.574 0.087
54025.22104 21.28 0.052
54039.20142 21.805 0.13
filter VCSP9844
54001.22319 19.191 0.018
54007.23831 18.915 0.014
54013.19451 19.158 0.025
54018.27608 19.772 0.041
54025.22104 20.496 0.05
54039.20142 20.996 0.06
filter gCSP9844
54001.22319 18.822 0.017
54007.23831 18.994 0.017
54013.19451 19.362 0.023
54018.27608 19.993 0.035
54025.22104 20.581 0.024
54039.20142 21.283 0.068
filter rCSP9844
54001.22319 18.919 0.011
54007.23831 18.948 0.012
54013.19451 19.205 0.019
54018.27608 19.509 0.025
54025.22104 19.765 0.02
54039.20142 20.42 0.036
filter iCSP9844
54001.22319 19.141 0.017
54007.23831 18.835 0.03
54013.19451 19.093 0.034
54018.27608 19.574 0.04
54025.22104 19.654 0.029
54039.20142 19.861 0.04
