SN2006X 0.006322 185.725 15.8092
filter u
53775.17381 18.509 0.041
53778.35142 17.777 0.032
53783.21597 17.417 0.03
53784.32293 17.433 0.024
53785.29983 17.446 0.023
53786.32515 17.471 0.016
53788.31403 17.54 0.015
53790.29216 17.702 0.015
53795.27573 18.097 0.018
53798.28722 18.422 0.021
53799.28665 18.591 0.025
53802.2776 18.978 0.03
53804.26542 19.204 0.04
53805.2238 19.322 0.057
53809.22721 19.633 0.175
53815.21456 20.195 0.076
53818.27699 20.377 0.083
53819.24862 20.524 0.049
53824.23424 20.756 0.124
53831.19471 20.782 0.079
53832.26518 20.721 0.104
53835.15331 20.96 0.184
53841.2167 21.396 0.406
filter B
53775.17381 16.69 0.007
53778.35142 15.895 0.007
53780.36904 15.598 0.009
53783.21597 15.396 0.007
53784.32293 15.366 0.007
53785.29983 15.352 0.008
53786.32515 15.349 0.006
53788.31403 15.406 0.007
53790.29216 15.495 0.007
53795.27573 15.891 0.006
53798.28722 16.212 0.007
53799.28665 16.308 0.006
53802.2776 16.636 0.008
53804.26542 16.837 0.008
53805.2238 16.925 0.011
53809.22721 17.249 0.023
53815.21456 17.723 0.014
53818.27699 17.894 0.015
53819.24862 17.96 0.013
53824.23424 18.099 0.013
53831.19471 18.181 0.014
53832.26518 18.207 0.013
53835.15331 18.237 0.016
53838.18567 18.26 0.041
53841.2167 18.335 0.022
53845.14735 18.296 0.014
53850.15566 18.36 0.014
53853.15414 18.405 0.013
53858.09367 18.486 0.026
53862.16347 18.499 0.021
53866.11149 18.48 0.023
53870.12767 18.602 0.034
53872.12326 18.604 0.018
53886.062 18.812 0.009
53890.07786 18.892 0.024
53891.08194 18.862 0.025
53893.05497 18.922 0.017
53894.06435 18.879 0.027
53897.04254 18.942 0.016
53898.04634 18.96 0.016
53905.95731 19.194 0.021
filter V
53775.17381 15.487 0.005
53778.35142 14.796 0.006
53780.36904 14.514 0.006
53783.21597 14.263 0.006
53784.32293 14.207 0.006
53785.29983 14.171 0.008
53786.32515 14.138 0.006
53788.31403 14.111 0.006
53790.29216 14.113 0.006
53795.27573 14.326 0.004
53798.28722 14.544 0.006
53799.28665 14.609 0.004
53802.2776 14.776 0.006
53804.26542 14.863 0.006
53805.2238 14.911 0.006
53809.22721 15.094 0.008
53815.21456 15.481 0.007
53818.27699 15.712 0.007
53819.24862 15.777 0.008
53824.23424 15.981 0.006
53831.19471 16.206 0.009
53832.26518 16.235 0.007
53835.15331 16.319 0.007
53838.18567 16.411 0.008
53841.2167 16.496 0.009
53845.14735 16.56 0.007
53850.15566 16.704 0.006
53853.15414 16.795 0.007
53858.09367 16.92 0.009
53862.16347 17.018 0.009
53866.11149 17.108 0.009
53870.12767 17.217 0.009
53872.12326 17.251 0.01
53886.062 17.614 0.007
53890.07786 17.656 0.01
53891.08194 17.693 0.011
53893.05497 17.742 0.007
53894.06435 17.767 0.009
53897.04254 17.816 0.007
53898.04634 17.837 0.008
53905.95731 17.975 0.013
filter g
53775.17381 16.142 0.004
53778.35142 15.399 0.006
53783.21597 14.892 0.005
53784.32293 14.851 0.005
53785.29983 14.818 0.006
53786.32515 14.8 0.006
53788.31403 14.806 0.006
53790.29216 14.843 0.006
53795.27573 15.086 0.004
53798.28722 15.312 0.006
53799.28665 15.39 0.006
53802.2776 15.62 0.006
53804.26542 15.792 0.006
53805.2238 15.857 0.007
53809.22721 16.17 0.009
53815.21456 16.718 0.008
53818.27699 16.932 0.008
53819.24862 16.987 0.008
53824.23424 17.147 0.006
53831.19471 17.291 0.009
53832.26518 17.311 0.007
53835.15331 17.359 0.008
53838.18567 17.406 0.014
53841.2167 17.443 0.009
53845.14735 17.497 0.009
53850.15566 17.581 0.007
53853.15414 17.631 0.008
53858.09367 17.704 0.009
53862.16347 17.755 0.01
53866.11149 17.808 0.011
53870.12767 17.877 0.012
53872.12326 17.907 0.009
53886.062 18.136 0.006
53890.07786 18.177 0.01
53891.08194 18.203 0.011
53893.05497 18.208 0.007
53894.06435 18.246 0.011
53897.04254 18.267 0.009
53898.04634 18.296 0.008
filter r
53775.17381 14.796 0.004
53778.35142 14.194 0.009
53783.21597 13.773 0.005
53784.32293 13.737 0.006
53785.29983 13.694 0.007
53786.32515 13.667 0.006
53788.31403 13.641 0.006
53790.29216 13.681 0.006
53795.27573 13.969 0.006
53798.28722 14.173 0.007
53799.28665 14.201 0.006
53802.2776 14.269 0.006
53804.26542 14.286 0.006
53805.2238 14.293 0.006
53809.22721 14.335 0.006
53815.21456 14.641 0.006
53818.27699 14.901 0.005
53819.24862 14.968 0.006
53824.23424 15.22 0.005
53831.19471 15.472 0.007
53832.26518 15.524 0.005
53835.15331 15.623 0.006
53838.18567 15.735 0.005
53841.2167 15.824 0.006
53845.14735 15.945 0.006
53850.15566 16.119 0.008
53853.15414 16.21 0.007
53858.09367 16.372 0.007
53862.16347 16.506 0.007
53866.11149 16.615 0.009
53870.12767 16.748 0.007
53872.12326 16.81 0.009
53886.062 17.261 0.004
53890.07786 17.367 0.008
53891.08194 17.398 0.008
53893.05497 17.457 0.005
53894.06435 17.49 0.008
53897.04254 17.576 0.006
53898.04634 17.56 0.006
filter i
53775.17381 14.924 0.005
53778.35142 14.174 0.006
53783.21597 13.835 0.006
53784.32293 13.82 0.008
53785.29983 13.852 0.006
53786.32515 13.879 0.006
53788.31403 13.92 0.007
53790.29216 13.963 0.005
53795.27573 14.314 0.006
53798.28722 14.496 0.007
53799.28665 14.501 0.006
53802.2776 14.438 0.007
53804.26542 14.353 0.006
53805.2238 14.325 0.007
53809.22721 14.217 0.006
53815.21456 14.313 0.007
53818.27699 14.547 0.005
53819.24862 14.626 0.01
53824.23424 14.921 0.006
53831.19471 15.238 0.009
53832.26518 15.279 0.006
53835.15331 15.386 0.006
53838.18567 15.499 0.005
53841.2167 15.624 0.006
53845.14735 15.741 0.006
53850.15566 15.945 0.008
53853.15414 16.051 0.008
53858.09367 16.223 0.007
53862.16347 16.352 0.006
53866.11149 16.49 0.008
53870.12767 16.629 0.007
53872.12326 16.666 0.009
53886.062 17.115 0.005
53890.07786 17.209 0.009
53891.08194 17.255 0.009
53893.05497 17.303 0.006
53894.06435 17.344 0.009
53897.04254 17.401 0.007
53898.04634 17.41 0.007
filter Y
53776.32836 13.51 0.008
53777.33277 13.355 0.007
53779.3453 13.175 0.01
53782.33536 13.145 0.012
53784.32293 13.268 0.011
53786.32515 13.415 0.024
53787.33161 13.527 0.018
53788.31403 13.589 0.012
53789.3071 13.619 0.012
53796.32049 13.92 0.01
53797.30947 13.906 0.013
53800.32379 13.775 0.01
53803.29292 13.545 0.015
53807.25284 13.256 0.008
53808.29833 13.183 0.01
53810.26328 13.018 0.009
53813.24889 12.813 0.009
53817.32126 12.852 0.014
53820.23367 13.052 0.012
53826.26611 13.403 0.009
53829.22952 13.569 0.01
53830.23441 13.63 0.011
53833.24633 13.768 0.032
53835.15331 13.89 0.027
53839.17198 14.136 0.012
53843.20317 14.367 0.024
53845.14735 14.476 0.031
53846.17615 14.556 0.005
53848.20768 14.639 0.016
53851.15981 14.798 0.015
53859.10547 15.208 0.015
53868.10838 15.629 0.022
filter J
53776.32836 13.306 0.009
53777.33277 13.143 0.008
53779.3453 12.925 0.012
53782.33536 12.85 0.01
53784.32293 12.898 0.012
53786.32515 13.004 0.024
53787.33161 13.096 0.006
53788.31403 13.192 0.019
53789.3071 13.231 0.01
53796.32049 14.359 0.014
53797.30947 14.503 0.017
53800.32379 14.551 0.014
53803.29292 14.441 0.014
53807.25284 14.256 0.013
53808.29833 14.207 0.013
53810.26328 14.044 0.014
53813.24889 13.794 0.013
53817.32126 13.868 0.011
53820.23367 14.125 0.01
53826.26611 14.678 0.014
53829.22952 14.883 0.013
53830.23441 14.995 0.021
53833.24633 15.19 0.052
53835.15331 15.356 0.006
53839.17198 15.575 0.03
53843.20317 15.922 0.01
53845.14735 16.054 0.008
53846.17615 16.099 0.008
53848.20768 16.122 0.053
53851.15981 16.301 0.051
53859.10547 16.7 0.075
53860.13696 16.885 0.051
53868.10838 17.283 0.051
filter H
53776.32836 13.286 0.007
53777.33277 13.177 0.009
53779.3453 13.038 0.009
53782.33536 12.983 0.007
53784.32293 13.053 0.016
53786.32515 13.161 0.003
53787.33161 13.174 0.004
53788.31403 13.22 0.007
53789.3071 13.229 0.012
53796.32049 13.404 0.01
53797.30947 13.411 0.012
53800.32379 13.301 0.011
53803.29292 13.194 0.013
53807.25284 13.048 0.007
53808.29833 13.002 0.008
53810.26328 12.972 0.009
53813.24889 12.982 0.009
53817.32126 13.158 0.009
53820.23367 13.397 0.012
53826.26611 13.677 0.009
53829.22952 13.817 0.011
53830.23441 13.868 0.013
53833.24633 14.032 0.011
53835.15331 14.101 0.031
53839.17198 14.222 0.014
53843.20317 14.477 0.016
53845.14735 14.573 0.006
53846.17615 14.591 0.005
53848.20768 14.642 0.02
53851.15981 14.773 0.022
53859.10547 15.061 0.042
53868.10838 15.502 0.027
filter K
53784.32293 12.791 0.009
53786.32515 12.819 0.007
53787.33161 12.844 0.015
53788.31403 12.844 0.008
53833.24633 14.026 0.01
53835.15331 14.082 0.023
53843.20317 14.425 0.01
53845.14735 14.479 0.029
53846.17615 14.537 0.011
