SN2007A 0.016463 6.31941666666667 12.8868
filter BCSP9844
54108.02776 16.096 0.013
54110.03096 16.039 0.011
54112.02442 15.967 0.008
54119.02593 16.178 0.007
54121.03027 16.309 0.007
54127.02706 16.788 0.017
54131.02397 17.327 0.043
filter VCSP9844
54108.02776 15.946 0.007
54110.03096 15.828 0.007
54112.02442 15.726 0.008
54119.02593 15.841 0.005
54121.03027 15.904 0.006
54127.02706 16.268 0.013
54131.02397 16.516 0.019
54133.02112 16.574 0.017
filter rCSP9844
54108.02776 15.883 0.008
54110.03096 15.795 0.008
54112.02442 15.722 0.006
54119.02593 15.817 0.007
54121.03027 15.901 0.008
54123.0239 16.06 0.009
54128.02508 16.399 0.01
54133.02112 16.489 0.013
filter iCSP9844
54108.02776 16.098 0.007
54110.03096 16.073 0.014
54112.02442 16.125 0.008
54119.02593 16.366 0.009
54121.03027 16.5 0.009
54123.0239 16.678 0.013
54127.02706 16.962 0.015
54128.02508 16.988 0.016
54133.02112 16.909 0.018
