SN2006fw 0.081986 26.7930833333333 0.147
filter B
54001.22319 19.206 0.012
54007.23831 19.357 0.013
54013.19451 19.741 0.041
54018.27608 20.574 0.087
54025.22104 21.28 0.052
54039.20142 21.805 0.13
filter V
54001.22319 19.191 0.018
54007.23831 18.915 0.014
54013.19451 19.158 0.025
54018.27608 19.772 0.041
54025.22104 20.496 0.05
54039.20142 20.996 0.06
filter r
54001.22319 18.919 0.011
54007.23831 18.948 0.012
54013.19451 19.205 0.019
54018.27608 19.509 0.025
54025.22104 19.765 0.02
54039.20142 20.42 0.036
filter i
54001.22319 19.141 0.017
54007.23831 18.835 0.03
54013.19451 19.093 0.034
54018.27608 19.574 0.04
54025.22104 19.654 0.029
54039.20142 19.861 0.04
