SN2005ku 0.04418 344.928 0.0136944444444444
filter B
53699.05478 17.79 0.016
53702.06193 17.875 0.02
53707.05071 18.176 0.014
53712.04078 18.697 0.021
53716.05548 19.061 0.052
53729.0503 19.844 0.104
53739.03001 20.347 0.241
filter V
53699.05478 17.691 0.016
53702.06193 17.661 0.013
53707.05071 17.824 0.019
53712.04078 18.153 0.022
53716.05548 18.268 0.033
53729.0503 19.12 0.055
53739.03001 19.333 0.093
filter r
53699.05478 17.612 0.016
53702.06193 17.555 0.014
53707.05071 17.78 0.014
53712.04078 18.068 0.019
53716.05548 18.227 0.024
53729.0503 18.74 0.038
53739.03001 19.184 0.08
filter i
53699.05478 18.06 0.025
53702.06193 18.22 0.025
53707.05071 18.376 0.025
53712.04078 18.86 0.046
53716.05548 18.834 0.049
53729.0503 18.799 0.043
53739.03001 19.407 0.11
