SN2006hx 0.044404 18.4887916666667 0.371666666666667
filter BCSP9844
54012.14925 18.352 0.044
54013.14572 18.291 0.029
54028.21355 17.864 0.015
54036.18253 18.633 0.019
54040.14912 19.123 0.034
54049.12051 20.349 0.055
54052.18763 20.097 0.059
filter VCSP9844
54012.14925 18.47 0.074
54013.14572 18.671 0.07
54028.21355 17.904 0.055
54036.18253 18.371 0.07
54040.14912 18.791 0.108
54049.12051 19.174 0.072
54052.18763 19.572 0.118
filter rCSP9844
54013.14572 18.371 0.033
54028.21355 17.579 0.019
54036.18253 18 0.017
54040.14912 18.098 0.026
54049.12051 18.517 0.044
54052.18763 18.675 0.033
54066.16914 19.321 0.048
54080.08535 19.859 0.06
filter iCSP9844
54013.14572 18.08 0.028
54028.21355 18.016 0.031
54036.18253 18.416 0.044
54040.14912 18.53 0.04
54049.12051 18.646 0.056
54052.18763 18.473 0.029
54066.16914 19.173 0.056
54080.08535 19.207 0.074
