SN2007mm 0.068921 16.4445 0.758833333333333
filter B
54385.19281 20.555 0.051
54392.15007 20.165 0.025
54394.16023 20.21 0.038
54395.13177 20.228 0.056
54400.20109 21.354 0.256
54403.12436 21.58 0.067
54409.21365 22.177 0.109
54418.1854 22.334 0.172
filter V
54385.19281 20.071 0.036
54392.15007 19.392 0.017
54394.16023 19.384 0.02
54395.13177 19.382 0.032
54400.20109 19.828 0.075
54403.12436 20.177 0.025
54409.21365 20.869 0.043
54418.1854 21.471 0.089
filter r
54385.19281 20.156 0.037
54392.15007 19.316 0.015
54394.16023 19.256 0.018
54395.13177 19.175 0.019
54400.20109 19.466 0.052
54403.12436 19.721 0.02
54407.27369 19.995 0.04
54409.21365 20.225 0.023
54418.1854 20.905 0.054
filter i
54385.19281 20.134 0.064
54392.15007 19.465 0.019
54394.16023 19.407 0.023
54395.13177 19.388 0.027
54400.20109 19.528 0.044
54403.12436 19.701 0.027
54409.21365 19.978 0.03
54418.1854 20.721 0.082
